将一天的时段划分成96段来显示一天的路况。
表allroad_time_nonrush_1~allroad_time_nonrush_96的结构如下：
taxi_data=# select * from allroad_time_nonrush_1 limit 10;
  gid  | next_gid | reference |       time       |  average_speed   | class_id |      name      |       length       |      to_cost       | reverse_cost
-------+----------+-----------+------------------+------------------+----------+----------------+--------------------+--------------------+--------------
    82 |    71569 |         4 |  5.3062097076805 | 53.8287675697628 |      104 | 安定门东大街   |  0.285626729031153 |  0.297051798192399 |      1000000
    99 |      100 |         8 |  7.1985821426917 | 47.4865859096144 |      104 | 安定门西大街   |  0.341836089346346 |  0.355509532920199 |      1000000
   100 |      101 |         9 | 6.37702424410912 | 47.3264317976811 |      104 | 安定门西大街   |  0.301801802960989 |  0.313873875079429 |      1000000
   100 |    31051 |         3 | 9.08562565311401 | 33.2175036132541 |      104 | 安定门西大街   |  0.301801802960989 |  0.313873875079429 |      1000000
   101 |    31064 |        10 | 4.30896701363687 | 50.0543734548538 |      104 | 安定门西大街   |  0.215682644105226 |  0.224309949869435 |      1000000
 10084 |    44729 |         4 | 4.39767664915035 | 79.9288398297666 |      104 | 月坛南桥       |  0.351501192513043 |  0.365561240213565 |      1000000
 10573 |    10574 |         3 | 3.26793064211175 | 26.6567061518169 |      104 | 永定门东滨河路 | 0.0871122668512914 | 0.0905967575253431 |      1000000
 10591 |    10592 |         5 | 3.19437189320322 |  29.901519776403 |      104 | 安定门东大街   | 0.0955165743378019 |  0.099337237311314 |      1000000
 10592 |    10593 |         4 | 2.31582520215959 | 37.5076297290822 |      104 | 安定门东大街   | 0.0868611141998789 |  0.090335558767874 |      1000000
 10593 |    10594 |         5 | 2.91015012852133 | 37.5114944145832 |      104 | 安定门东大街   |  0.109164080291626 |  0.113530643503291 |      1000000
