gid                 my results          his results         difference          
108016              1.5                 1.5                 0.0                 
7022                29.6062490617       22.7736636771       6.83258538452       
41544               19.7873602545       26.7603993253       -6.97303907075      
92284               31.9856762518       24.9516849864       7.03399126546       
157566              25.2842289765       32.8081530658       -7.52392408922      
39784               24.0606925453       28.6216687487       -4.56097620344      
93928               24.9922207922       31.9612822507       -6.96906145855      
57164               32.431479511        32.5948231873       -0.163343676276     
12810               24.7384171371       31.8699412886       -7.13152415147      
45964               26.1709654095       26.2704283754       -0.099462965982     
98780               30.6446574742       25.5792778428       5.06537963136       
30368               31.10237225         33.0392286722       -1.9368564222       
52580               29.8149349905       19.8441794652       9.97075552531       
19292               23.9942986154       27.8587253091       -3.8644266937       
172319              19.7360144532       21.0765633946       -1.34054894139      
167718              32.1365488407       24.5151581501       7.62139069062       
25779               6.94285627661       8.71211211438       -1.76925583777      
51357               2.51498847946       3.04125532184       -0.526266842381     
28696               22.0211801177       29.607142603        -7.5859624853       
69062               16.732251862        19.2352410693       -2.50298920724      
81442               32.9153994672       31.5438970508       1.3715024164        
20698               21.4792201134       25.3665505333       -3.88733041991      
120578              23.074673868        25.5386705677       -2.46399669973      
109826              30.6681814912       27.3061622569       3.36201923436       
153516              11.600488348        15.4481022692       -3.84761392124      
107554              24.1963327187       30.1485088178       -5.95217609919      
31698               31.784630775        30.6566581944       1.12797258056       
149322              19.8299509506       27.589087918        -7.75913696739      
40956               27.7232130375       29.3945517538       -1.67133871629      
7824                20.2526745356       15.844058504        4.40861603157       
52120               24.090188063        32.856877735        -8.76668967204      
105884              29.4730958889       27.3766341149       2.09646177403       
127326              29.675504573        24.3834009046       5.29210366838       
116518              29.4139045561       32.0543367551       -2.64043219901      
160482              21.8447898991       24.3573994518       -2.51260955264      
20850               1.5                 1.5                 0.0                 
153747              1.5                 1.5                 0.0                 
160556              6.74980931917       6.684995023         0.0648142961683     
42534               19.8089566455       15.0612962171       4.7476604284        
67902               21.948565626        22.0447682517       -0.0962026256609    
94156               14.3601707838       23.4722395045       -9.11206872062      
157568              7.28372664317       7.1817261012        0.10200054197       
146812              30.2281107462       27.7003101797       2.52780056655       
1558                28.4008059169       31.5094560912       -3.10865017434      
76768               24.299574107        14.2389485922       10.0606255148       
78436               17.3570771343       16.8813543665       0.475722767823      
17960               20.7291917519       20.5179045532       0.211287198645      
51194               22.9357222259       26.5884354994       -3.65271327352      
148440              23.6799529658       26.4913364785       -2.81138351277      
83360               3.77269678765       3.36537591368       0.407320873969      
45931               23.4740182189       21.7019801089       1.77203811          
40983               22.5581182198       24.7395598312       -2.18144161146      
138367              29.3583098241       23.2353741776       6.12293564648       
132334              12.3273015586       12.8176919757       -0.490390417089     
51508               31.0831160666       28.733638829        2.34947723756       
17742               31.6121933947       26.9682907639       4.64390263084       
93934               33.0746971817       28.4681092146       4.6065879671        
28694               32.3438286866       32.1400112511       0.20381743545       
4822                27.9926628269       29.4418099286       -1.44914710173      
171566              23.6439857023       27.0073721262       -3.3633864239       
41446               20.7920280369       18.098934246        2.69309379095       
95632               7.67835022145       7.71400822373       -0.0356580022796    
11462               12.36009166         11.3129714142       1.04712024581       
57514               21.5179363338       20.0328233835       1.48511295028       
15800               25.875222071        24.6911215471       1.18410052389       
91966               32.4840656892       25.9900500928       6.49401559632       
70830               29.2268135815       32.0324845859       -2.80567100441      
142876              29.8230156122       30.828571024        -1.00555541182      
120892              31.9943198835       30.0413226596       1.95299722395       
73160               32.7657949743       31.9125051433       0.853289830967      
20068               31.6435111109       27.249857306        4.39365380497       
9106                32.0868215832       32.5532652229       -0.466443639739     
45568               32.7627376136       27.8691834781       4.89355413553       
56722               27.7982322212       29.6633133487       -1.86508112751      
103010              30.3074374178       25.1301742133       5.17726320446       
70922               31.8517294449       22.8166553171       9.03507412775       
15906               18.2551072438       16.4048107142       1.85029652956       
158491              1.5                 1.5                 0.0                 
122521              7.54089356908       10.4903710877       -2.94947751862      
104572              24.2870619178       25.8013005152       -1.51423859741      
67364               25.4919689046       26.9326210879       -1.44065218323      
21368               29.3301771518       32.0126015246       -2.68242437276      
54702               31.8059445803       31.4919550968       0.313989483528      
20392               33.0866162441       32.8464365392       0.240179704888      
118473              27.7738569421       25.3680122999       2.40584464218       
113866              22.3517162387       25.2263480883       -2.87463184964      
113868              31.3738595351       26.7280850507       4.64577448436       
42940               6.36886788729       9.44572383367       -3.07685594638      
51968               1.5                 1.5                 0.0                 
12922               26.2738396729       24.6438804017       1.62995927117       
87760               24.9297586292       19.6684193557       5.26133927345       
72328               17.0271266576       18.8208910773       -1.79376441967      
83438               14.8554884765       15.7274079124       -0.871919435939     
81874               31.2635084706       31.0729686221       0.190539848553      
103498              27.0172787917       28.2154001447       -1.19812135304      
27362               31.1879913293       28.3076588607       2.88033246858       
5218                30.7180009521       27.9377576704       2.78024328168       
136786              29.6974538061       26.1410781887       3.55637561733       
167784              31.7676183522       26.6590918008       5.10852655143       
124992              28.2671927213       20.2596978666       8.00749485466       
127122              29.0769271242       27.0253227266       2.05160439762       
116314              25.5827825097       12.3728404456       13.2099420641       
116316              11.2600314362       10.6578373661       0.602194070153      
89125               6.03427907281       5.51356509095       0.520713981855      
39914               1.5                 1.5                 0.0                 
39242               23.871594534        17.8410939765       6.03050055747       
61938               19.8983845286       25.2359850132       -5.33760048461      
89114               2.95965008961       2.91582583002       0.0438242595911     
101695              6.54972817334       6.92142270466       -0.371694531321     
172986              22.7441218496       22.4032193983       0.340902451276      
112790              27.8961582604       33.2488598118       -5.35270155142      
112792              32.2622722079       28.6297179181       3.63255428978       
112794              29.7192670967       29.3169924226       0.402274674085      
112796              32.7240917273       21.8876397164       10.8364520109       
93238               6.06993012633       4.36419181325       1.70573831308       
114724              27.8467560029       22.6318680966       5.21488790628       
157564              28.4065449824       30.2983043906       -1.89175940817      
39064               30.7814469736       29.3945193161       1.38692765744       
49198               32.1373764126       31.7270376613       0.410338751327      
146624              19.437084144        15.4943581701       3.94272597387       
85800               20.9032902737       14.6537389131       6.24955136061       
150942              23.3676106523       24.5044916243       -1.13688097198      
172682              31.3721017361       31.1038108167       0.268290919428      
85802               31.1881950095       25.937312476        5.25088253345       
64510               28.7926750743       25.9722650997       2.82040997462       
64512               31.8233626156       28.7566840384       3.06667857721       
20504               31.3996984198       19.0474614507       12.3522369691       
140138              23.1041545336       15.1285785047       7.97557602895       
92884               11.9079827798       12.7486791519       -0.840696372102     
158222              3.06545740878       3.24412719344       -0.178669784659     
82880               14.5254299051       20.0088173274       -5.48338742234      
60738               25.8668625889       29.4826531887       -3.61579059979      
147044              14.9551472584       17.4904691229       -2.53532186451      
4576                21.9190831717       26.6874910897       -4.76840791796      
135250              21.9293836527       27.3813413129       -5.45195766013      
168062              30.0767671556       24.9153473266       5.16141982906       
168064              17.4251723787       27.3184657636       -9.89329338489      
125338              29.0503235271       23.6397520024       5.41057152467       
61530               31.3827642686       24.9129001769       6.46986409174       
61532               32.7311638619       27.0952730517       5.63589081012       
17448               32.8656163665       28.0288849501       4.83673141643       
50572               30.9962229654       29.8482407161       1.14798224937       
17450               31.2631377149       27.191962545        4.07117516998       
152942              26.5250534604       26.3197702049       0.205283255494      
168194              31.4681520739       26.8119086964       4.65624337751       
125632              32.7385305594       30.0704807967       2.66804976269       
29862               25.0795107969       25.8712784964       -0.791767699509     
138284              23.0445748382       27.2494816193       -4.20490678109      
84184               24.1492609162       32.5180668279       -8.36880591171      
62908               15.705291053        18.8214698655       -3.11617881248      
19406               23.1125460827       23.3306202423       -0.218074159564     
71526               11.7994222971       17.9070736818       -6.10765138474      
149090              23.3893189161       26.7054444429       -3.3161255268       
170936              28.1723514562       19.9888913608       8.18346009533       
172318              20.6731307152       15.2242324833       5.44889823187       
85820               21.1061646175       22.2609600583       -1.15479544081      
107430              32.3390342171       29.5727799795       2.7662542376        
75308               27.8530930974       27.2378542867       0.615238810711      
150970              27.0203602908       26.2949032281       0.725457062691      
128950              23.9599203048       29.0838028084       -5.12388250362      
31550               11.4548722786       15.0481517353       -3.59327945676      
110819              2.43978729037       2.91970110482       -0.479913814449     
140014              19.8542709932       17.7745174669       2.07975352629       
4886                11.0159637872       13.8786115792       -2.86264779204      
140988              23.8864193506       21.4797034481       2.4067159025        
38074               30.6504180149       26.9179985926       3.73241942229       
4888                12.6841893765       15.3234954673       -2.63930609082      
81542               22.3318582375       19.7127069715       2.61915126599       
33522               27.6912258673       10.9778803092       16.7133455581       
130864              27.5280799299       28.7122037608       -1.18412383088      
119938              25.2028255843       27.8065899418       -2.60376435754      
66548               25.2312045356       24.1346342316       1.09657030406       
17094               8.45275074093       6.97934963285       1.47340110808       
17095               22.8254076378       19.7845084846       3.04089915327       
74928               24.2247988168       24.3338686052       -0.10906978835      
107098              24.1181361689       23.6651184423       0.453017726615      
74930               19.6034799356       19.4171054533       0.186374482263      
20108               28.2747089771       22.223756657        6.05095232007       
9160                19.1655596541       22.0595266877       -2.89396703363      
159808              22.5850033443       23.3332003103       -0.748196965993     
163938              29.7516009184       31.450776734        -1.69917581563      
126694              29.4080343837       27.3524543654       2.05558001832       
147596              31.4258209036       30.7945437506       0.631277153022      
39206               28.5084789058       31.3771812613       -2.86870235547      
6106                30.350305419        30.1325951665       0.217710252466      
12044               22.9457759703       22.1233990557       0.822376914512      
104342              19.391068775        25.3366981695       -5.9456293945       
134392              22.680442246        26.5495424262       -3.86910018023      
6108                32.9419718189       30.1276073616       2.8143644573        
79270               5.89432115122       14.1291262947       -8.23480514344      
120736              33.0071989268       20.2852843293       12.7219145975       
23118               29.5294255498       20.3617510688       9.16767448096       
45392               28.8034469871       23.61902881         5.18441817709       
56560               30.7501806504       29.0677251488       1.68245550166       
4180                12.0795067345       13.702447122        -1.62294038754      
73217               18.0540182108       18.0177043482       0.0363138625508     
126687              10.0357546431       7.68438045208       2.35137419101       
137705              13.8089374024       16.9755452907       -3.16660788837      
71990               17.8635323428       17.2927807484       0.570751594459      
147452              16.5754114273       13.907602133        2.66780929427       
82452               27.1232435911       24.3236737693       2.79956982183       
122451              3.30414565704       3.16818097227       0.135964684768      
31680               13.7498539637       13.2552045616       0.494649402075      
12004               24.9662117628       27.1977983296       -2.23158656685      
131392              2.86247182306       7.7682874348        -4.90581561174      
120492              31.3063319876       23.503085237        7.8032467506        
64092               3.82989140896       20.3531952801       -16.5233038712      
67914               16.2689457281       29.7348096351       -13.465863907       
154268              18.9763897436       10.7579536691       8.21843607446       
66662               31.4382736337       22.9553584606       8.48291517311       
142056              23.5575537521       20.1920873849       3.36546636726       
77320               27.8987942879       29.4670275678       -1.56823327987      
55942               32.9624422713       17.4425083832       15.5199338882       
71378               29.9060456986       28.6447753619       1.26127033668       
60540               29.6911344846       32.5010412266       -2.80990674194      
60542               26.5825080846       32.5103909491       -5.92788286448      
16332               26.1289945079       25.5325140222       0.596480485728      
168136              25.9543036639       23.1841954081       2.77010825573       
146820              23.9089929486       23.533582292        0.375410656598      
168634              24.2679890574       29.8714988884       -5.60350983097      
113416              29.5043618592       28.1141935277       1.39016833149       
148086              12.4608501912       32.2056628633       -19.7448126721      
169912              11.2691888426       9.34211397629       1.92707486628       
81616               10.9457551873       11.4279903604       -0.482235173094     
7582                22.3290557824       32.8122424331       -10.4831866508      
164894              32.8866427743       31.9687674372       0.917875337063      
120908              30.8103989381       31.9500670391       -1.139668101        
110128              31.7320127838       31.9911387389       -0.259125955068     
75446               30.1082172046       28.5158105779       1.59240662663       
116551              22.7292570433       20.3112975958       2.41795944752       
127349              16.4201879535       12.9145548517       3.50563310181       
171179              17.7576493183       13.3139699868       4.44367933151       
147119              15.6634925273       12.367036381        3.29645614636       
159274              27.2451639391       24.180738145        3.0644257941        
15534               26.8382080702       28.8146514836       -1.97644341345      
92082               31.2545849406       23.1617330677       8.0928518729        
156118              29.980004642        25.9585125189       4.02149212308       
123142              32.797743305        23.6270321033       9.1707112017        
72972               29.6400768833       28.0211826143       1.618894269         
148424              30.7725443343       26.816146717        3.95639761722       
170296              29.9295980217       31.1001135736       -1.17051555196      
50724               6.06609360456       6.71567378952       -0.64958018496      
124164              23.0504169308       30.3067554579       -7.25633852713      
23116               5.65772816273       17.034646683        -11.3769185202      
131598              5.77558375085       15.7976344685       -10.0220507176      
120734              23.867962311        27.680975767        -3.81301345605      
109992              29.0416426162       21.4372768355       7.6043657807        
109994              26.4536703637       21.0381841024       5.41548626127       
109996              28.353050085        25.7315711656       2.62147891935       
67264               31.2927340439       24.6463454538       6.6463885901        
142686              25.3359872926       13.4481401172       11.8878471754       
128864              24.4281986062       16.4463306345       7.98186797169       
141979              24.7860247113       26.2743281483       -1.48830343695      
56748               29.5225904097       31.211355375        -1.68876496531      
142914              7.8679942684        7.64725819559       0.220736072805      
164860              22.5282707866       26.4550017542       -3.92673096761      
164862              20.7086825736       21.6203214139       -0.911638840299     
16638               11.8717697994       15.2835993399       -3.41182954044      
135160              15.1478067396       22.4697742476       -7.32196750803      
164264              17.7261031381       19.5295620218       -1.80345888368      
123090              32.0075217511       24.7329820245       7.27453972654       
30304               32.5752579566       27.5094891397       5.06576881685       
8236                27.5700934482       26.5145852561       1.05550819209       
8238                17.7904888041       18.4970999345       -0.706611130335     
124506              14.9095257341       18.1738786257       -3.26435289164      
56120               1.65509944791       1.65509944791       0.0                 
16072               32.3646861985       26.6291456867       5.73554051179       
45606               29.8034677634       26.5678882983       3.23557946518       
45182               30.8455385067       32.5948850585       -1.74934655179      
120211              20.1143331121       23.4728782965       -3.35854518444      
153183              29.6936546416       23.7199241412       5.97373050045       
116421              24.0770306381       23.2188933292       0.858137308888      
167834              16.6969397337       20.5384688172       -3.84152908348      
37478               23.3674138445       31.6539471699       -8.28653332533      
84602               12.2629722588       12.5289874043       -0.266015145482     
34484               10.0398762284       32.3438428431       -22.3039666147      
88694               8.89434479168       24.9548414626       -16.0604966709      
110206              7.73899603611       32.4704787681       -24.731482732       
153938              7.53754807115       28.3084939607       -20.7709458895      
34486               26.9681638128       26.8274760464       0.140687766415      
95080               32.0443054744       30.4287823019       1.6155231725        
116484              28.9684563532       32.0643372671       -3.09588091398      
73714               27.0969337931       30.8999598439       -3.80302605073      
12396               26.7040348792       31.0014662552       -4.29743137603      
131776              32.5226631705       27.2598744766       5.26278869388       
1561                9.0573571729        15.3833038382       -6.32594666527      
11554               17.0223002925       13.8964525812       3.12584771124       
51138               11.1562703          20.3665341962       -9.21026389624      
171195              12.7836836078       11.9823658811       0.801317726763      
90572               20.1207660098       30.4167530274       -10.2959870176      
77908               32.2950325278       33.0022323863       -0.707199858492     
142716              30.9260716978       28.3550669638       2.57100473405       
77904               31.69291674         30.1318513837       1.56106535638       
135304              27.7660604056       29.6712138813       -1.90515347569      
37818               27.5552182824       23.7187312583       3.83648702417       
90242               30.5402235498       24.1040547311       6.43616881868       
113406              20.5748299135       15.8446849389       4.73014497457       
142494              25.42820015         18.4842876971       6.94391245287       
164480              18.7972094278       26.6863079755       -7.88909854764      
120518              20.8803235768       30.847685262        -9.96736168517      
80738               28.8039279119       24.9200195263       3.88390838562       
102394              22.4977523175       23.6151971844       -1.11744486692      
118128              26.0884878093       28.1971212027       -2.10863339333      
118130              25.2757943585       19.0959709821       6.17982337637       
70298               24.9792834904       20.0228606279       4.95642286252       
59460               26.779859869        27.5418207032       -0.761960834261     
19920               32.7599193318       27.6350384593       5.12488087253       
56198               32.3952703412       31.3007187861       1.09455155508       
142358              29.9642743617       32.5335246107       -2.56925024898      
40404               28.3587835845       28.6880829664       -0.329299381903     
402                 26.8880906987       28.0282227632       -1.14013206445      
163964              13.9885246278       28.9033152764       -14.9147906486      
95880               22.6757492972       24.7127583908       -2.03700909351      
161102              22.8490656176       30.3689191564       -7.51985353878      
127970              25.3501076769       27.322774649        -1.97266697205      
161104              16.2834084082       22.9226807666       -6.63927235844      
164121              13.7074773819       21.373083797        -7.66560641519      
119924              18.1745967822       26.7546771295       -8.58008034726      
11938               21.1452677086       23.880187918        -2.73492020941      
51784               22.3876589818       23.8441249259       -1.45646594405      
142062              25.4537909819       23.6669022334       1.78688874852       
33618               12.667151435        19.2145233427       -6.54737190768      
44734               28.4289763507       30.9666439096       -2.5376675589       
60470               20.2109326185       17.7977862029       2.41314641562       
128868              7.57870484378       10.1787433624       -2.60003851861      
117662              25.5994271341       29.4990814499       -3.89965431583      
31156               32.3122328672       26.1493612423       6.1628716249        
96400               33.1235038562       20.8010302873       12.3224735689       
117664              25.596852611        15.9236076132       9.67324499785       
134930              18.3236987749       17.4072922745       0.916406500364      
167774              22.438761254        22.2546192423       0.184142011733      
6006                32.8072329388       32.6151509404       0.192081998398      
91796               31.1102729689       25.3537049545       5.75656801441       
152962              7.4407760997        8.53342123447       -1.09264513477      
119944              19.7168274341       20.8875826507       -1.17075521664      
66566               33.0192823473       24.1114119924       8.90787035486       
132033              13.489499163        14.8509163749       -1.36141721197      
27836               29.6086516624       25.0266581497       4.58199351272       
37958               30.5106419989       33.0530598956       -2.54241789668      
49094               10.5567986976       16.895587566        -6.33878886843      
33552               20.5449980368       24.5093538684       -3.96435583162      
83594               19.7337072426       19.8629474038       -0.129240161176     
18196               6.2586030442        11.6820612737       -5.42345822947      
93654               23.7354562031       16.2252625223       7.51019368079       
122921              16.6402360549       17.422269505        -0.782033450112     
155897              4.30790528933       4.96575986383       -0.657854574505     
56087               31.3249837167       30.6277029093       0.697280807346      
127752              26.0045614102       26.8853769502       -0.880815539914     
116942              19.5525733719       26.0277169877       -6.47514361582      
22888               15.1085588286       17.035961845        -1.9274030164       
98828               22.9880323454       23.9551843492       -0.967152003813     
153000              12.398499801        9.40842238281       2.99007741816       
40337               30.4715792803       27.1964072576       3.27517202276       
137703              26.3375347508       25.4537985726       0.883736178234      
11660               27.8405923916       27.0225294981       0.818062893493      
170460              6.9525221583        9.25135902151       -2.29883686321      
3442                2.60986938272       3.23715738646       -0.627288003736     
135514              25.3433780374       29.9359279715       -4.59254993408      
38054               27.8589921219       27.4045920477       0.454400074236      
49180               25.9807266333       32.2760733589       -6.29534672567      
64444               23.5404708396       28.7239939314       -5.18352309176      
64446               15.945816698        24.888747422        -8.94293072399      
107342              29.4099499683       23.876901059        5.53304890935       
124222              31.3580724635       29.532112572        1.82595989149       
26644               32.2771402073       30.7258711842       1.55126902303       
4508                33.0725260509       33.0958839981       -0.0233579471395    
49698               30.9212209513       29.5741448362       1.34707611515       
59922               30.6436718653       31.0976342797       -0.453962414371     
59924               31.6333411519       30.1037272243       1.52961392757       
15030               32.4950629102       25.6736637194       6.82139919087       
124616              28.3227723183       30.7591587837       -2.43638646542      
109730              29.4905539292       28.3362415667       1.15431236255       
67024               28.5255481814       30.874548826        -2.34900064467      
60270               27.7509094322       28.6637597609       -0.912850328712     
60284               29.585606812        32.050713234        -2.46510642203      
171684              21.8497225044       31.9448022958       -10.0950797914      
159460              10.2932362456       10.6893246155       -0.396088369914     
17786               22.0189112794       27.6535348873       -5.63462360785      
50990               24.2221850033       18.6671949511       5.55499005216       
17788               29.8290714165       26.0116057454       3.81746567111       
137238              25.7961898979       24.2487329389       1.54745695899       
60026               26.4248441088       31.3089245773       -4.88408046853      
146342              24.3134191611       20.629599211        3.6838199501        
33878               30.5111709365       33.0271347369       -2.51596380041      
22729               21.8815382423       16.5250851823       5.35645306002       
642                 24.9518923401       27.4254516891       -2.47355934908      
88214               23.1178888076       31.6141026336       -8.49621382594      
123998              27.5857367121       26.4633756616       1.12236105053       
36442               29.6909069451       26.8507706528       2.84013629224       
133964              24.5338728497       33.2226385911       -8.68876574138      
122998              16.4762354704       17.1251026642       -0.648867193811     
62948               23.2944354727       24.3127758367       -1.01834036394      
61144               29.475992859        26.7479593011       2.72803355791       
82431               28.5802711978       25.3546131375       3.22565806033       
61453               1.5                 1.5                 0.0                 
147420              8.13607120864       8.48319540511       -0.347124196469     
39010               24.9103967822       23.7770977944       1.13329898771       
5802                32.3887973331       21.5056680481       10.883129285        
136520              23.6488405332       30.0240497682       -6.37520923507      
125566              30.6163181629       28.7213795155       1.89493864737       
148264              18.2997438256       17.7209181487       0.578825676816      
672                 26.4357601275       26.1999041875       0.235855940023      
72964               27.7074042849       30.2965500849       -2.58914580002      
159798              31.2592388769       31.0757382383       0.183500638526      
126684              30.2208838107       32.6331026427       -2.41221883208      
98014               24.1294567195       22.940696207        1.18876051242       
72958               30.7146972406       32.5473124804       -1.83261523977      
62128               32.6263574954       28.3548723781       4.2714851173        
105034              32.3680109678       29.9243468311       2.44366413677       
153504              31.0238968863       27.487018056        3.53687883026       
120572              31.868123277        27.8985977006       3.96952557634       
67122               26.8128893954       28.9104632982       -2.09757390282      
62394               31.9381727033       30.7020896729       1.23608303045       
62396               30.1060367419       18.8942549826       11.2117817593       
14310               28.2485199109       29.7250704419       -1.47655053102      
90540               23.7055805664       18.0681032966       5.63747726978       
170029              22.3771437624       29.6268267958       -7.24968303336      
63930               26.4315006715       16.5407699633       9.89073070811       
150356              20.3812297715       21.1833163189       -0.802086547401     
116590              26.6477619114       25.6662616424       0.981500268935      
160518              24.6424758294       19.8929498327       4.74952599673       
149080              21.5979976887       15.109416333        6.48858135569       
1080                29.1757871949       30.2889012629       -1.11311406799      
1082                29.2123600088       30.1348664088       -0.922506400054     
3962                28.3069436319       30.2179641285       -1.91102049658      
99232               26.7997787239       30.2823112129       -3.48253248904      
153408              24.4050203594       28.2401165808       -3.83509622146      
77684               24.8541468895       25.3722946887       -0.518147799264     
56322               24.2058662773       29.0834914149       -4.8776251376       
56324               22.7587548219       28.0771681313       -5.31841330935      
18498               27.3199880312       29.3415687533       -2.02158072205      
167768              27.6832057875       24.1240272911       3.55917849645       
167770              29.0088036242       31.4068078061       -2.39800418188      
83214               30.9846448144       28.7061114368       2.27853337755       
99496               25.5068324871       27.6154024422       -2.10856995511      
162042              29.1966719087       25.5578876809       3.63878422777       
123968              27.182327974        32.1657749078       -4.98344693381      
26378               30.6631452806       27.9025457271       2.76059955355       
40646               1.89340810031       1.89340810031       0.0                 
135415              21.4351522747       18.5346864146       2.90046586014       
137724              27.123456622        24.5719766897       2.55147993233       
105302              13.8644811825       16.5163328339       -2.65185165134      
73916               4.00220552784       4.21348641596       -0.211280888118     
93600               20.9382380303       28.1825151653       -7.24427713505      
103081              21.5887730047       27.5957376985       -6.00696469374      
31570               27.7312717466       30.9754076365       -3.24413588992      
140168              28.7137559574       32.1065702377       -3.39281428036      
42710               31.3679827605       32.917650926        -1.54966816557      
53806               30.5877166388       31.542241866        -0.95452522721      
150986              29.7628137243       32.7167711977       -2.95395747344      
71234               15.1920889614       15.4717882112       -0.279699249803     
157190              28.1528981422       23.6473022693       4.50559587293       
15038               28.059335287        26.4901043468       1.5692309402        
3756                27.3130981393       18.6944777389       8.6186204004        
36961               32.4254456404       28.758791893        3.6666537474        
129090              23.6611323998       28.478828548        -4.8176961482       
27966               19.2605804634       20.7359605796       -1.47538011623      
147460              6.51866513618       6.95621233441       -0.437547198232     
153103              16.649039176        31.1584593215       -14.5094201455      
22484               11.9501684915       17.1514685955       -5.20130010398      
87804               11.7709688209       17.3672975958       -5.59632877495      
109434              23.2612765259       14.921875516        8.33940100991       
23364               31.0228435271       27.2154232592       3.80742026795       
40078               20.6199899654       19.60871209         1.01127787546       
94252               23.2649762041       21.4406683733       1.82430783081       
28966               27.4697286756       31.1126908028       -3.64296212727      
6888                22.2973881111       28.2966739639       -5.9992858528       
48776               20.59966356         20.9117711599       -0.312107599971     
15698               24.0916523495       26.2925692294       -2.20091687982      
91854               27.8792094209       16.9446617          10.9345477209       
132382              25.0297332949       27.7017118749       -2.67197858001      
76770               8.51930816484       16.4522427963       -7.93293463149      
72772               27.3051361029       26.9642677612       0.34086834176       
40740               28.6032603862       26.2821163536       2.32114403263       
7578                22.0691695471       19.3211981161       2.74797143093       
112008              28.58318057         31.2048524809       -2.62167191096      
155788              29.7940939754       31.2363842831       -1.44229030773      
36264               31.798484909        30.3700189932       1.42846591577       
24                  31.226502085        30.3098049179       0.916697167095      
94180               33.1417652561       30.5582900298       2.58347522626       
115628              31.4979545493       31.1046771142       0.393277435104      
112030              22.6945402164       21.8002801656       0.894260050831      
61616               14.6633977246       12.2545020135       2.4088957111        
18578               11.2791858882       14.5987785945       -3.31959270634      
138102              23.037120416        22.9316476529       0.105472763168      
170908              24.5534450601       29.5983106479       -5.04486558784      
170910              26.9518200162       30.0847908688       -3.13297085261      
83996               2.46172350928       2.56304165244       -0.101318143163     
153694              25.4137564483       30.6145942334       -5.2008377851       
164686              23.0610751515       27.4937249875       -4.43264983594      
34274               29.0532700102       28.4694881133       0.583781896863      
131394              26.1867531456       26.063839181        0.122913964661      
77696               26.5917330396       31.6713421072       -5.0796090676       
56344               24.8791073282       31.6824863926       -6.80337906432      
12006               4.52780855412       4.75146302077       -0.22365446665      
82138               22.0522162629       18.6542430215       3.39797324138       
88042               18.5065258429       20.8512751614       -2.34474931847      
66928               20.2175663245       23.2991095029       -3.08154317837      
56200               25.7069712233       24.8371020016       0.869869221706      
142360              21.7582305079       24.6243840637       -2.86615355587      
127366              5.53928835356       7.8920771061        -2.35278875254      
160520              21.4030242795       29.7770684443       -8.37404416477      
41014               23.5802197114       24.9829361001       -1.40271638869      
73218               31.5685652378       30.0236829238       1.54488231392       
105032              31.9235423157       24.8484933886       7.07504892706       
22950               29.3173716175       25.1933942945       4.12397732302       
88238               28.7460200866       33.2988227874       -4.55280270072      
29310               31.6401144748       32.8936153072       -1.25350083241      
141320              28.7594067939       25.8975381479       2.86186864596       
130154              28.2268182297       30.2953667211       -2.06854849144      
157842              29.0772724119       25.0118103326       4.06546207928       
124912              29.0995653791       23.3654272612       5.7341381179        
87399               22.3591328193       20.8572501373       1.50188268192       
157010              26.7687166841       13.4744031241       13.29431356         
37468               31.986004973        26.0350598785       5.95094509451       
135004              28.579625889        31.004882581        -2.42525669202      
81006               31.7216215894       33.1369659466       -1.41534435722      
59750               30.9866574167       29.9987970191       0.987860397572      
146014              22.5983080992       22.9223034109       -0.323995311733     
37466               15.0173849664       11.2326898825       3.78469508397       
92306               12.3690775041       16.0620931455       -3.69301564137      
67760               22.0856387745       17.696108611        4.38953016352       
22896               15.2764150208       17.700530155        -2.42411513422      
1324                11.7154403694       10.3943721138       1.32106825561       
170922              6.47484959591       6.22147989194       0.253369703974      
77430               9.85204330069       9.47475759655       0.377285704144      
682                 8.37776332027       11.7668099018       -3.38904658158      
173598              23.3125807379       22.998430495        0.314150242923      
129788              4.9277931677        7.92307334893       -2.99528018123      
118854              28.3243706887       27.7981006796       0.526270009119      
158990              25.6501034845       27.0789089639       -1.42880547938      
169694              24.8620466554       25.4361674814       -0.574120825931     
169770              28.1474733353       28.1883746408       -0.0409013055162    
125924              31.2698856448       30.7561104587       0.513775186073      
28358               24.7767425378       17.7378784498       7.03886408804       
131824              23.7133331285       19.2003214539       4.51301167461       
115042              30.8097480846       28.0168453528       2.79290273187       
111568              27.9061579911       29.4302123718       -1.52405438077      
110086              18.7257403441       20.9961444098       -2.27040406569      
103190              27.0293547523       32.72076221         -5.69140745771      
113812              26.1718210114       29.1725481973       -3.00072718594      
115454              23.0833193857       32.9911527779       -9.90783339222      
27964               26.326565535        26.2149743493       0.111591185673      
50166               18.8095788072       20.5135499308       -1.7039711236       
61480               21.9299139567       23.7197196327       -1.78980567604      
61198               30.7078844493       28.3961826203       2.31170182904       
75346               13.0319460594       14.0827935212       -1.05084746177      
151004              28.6305992925       26.0782991498       2.5523001427        
102552              20.5821524402       19.396973313        1.18517912715       
26420               11.9850971038       14.2457156384       -2.26061853465      
37671               18.7527529863       13.214798052        5.53795493428       
49704               6.02645737071       7.34497741237       -1.31852004166      
100128              25.7678821623       26.0412476648       -0.273365502486     
110540              29.337588258        32.1540286731       -2.81644041506      
29202               28.6947904257       26.1580022634       2.53678816238       
94486               27.4736952632       25.1438089344       2.32988632878       
29204               24.8730415753       22.0328482606       2.84019331468       
7156                24.4020226093       20.6626706966       3.73935191273       
51416               27.1078120938       29.0166609283       -1.90884883444      
60630               28.8061749322       28.6181135335       0.188061398746      
60632               20.1769245984       27.3305881181       -7.15366351975      
16456               23.1758391462       29.724727763        -6.54888861679      
117462              12.2713901218       12.3614894147       -0.0900992929157    
19902               22.728977285        21.7357731048       0.993204180183      
138838              16.2315264033       21.0201775469       -4.7886511436       
83614               31.7732843182       30.7680794938       1.00520482439       
148682              29.3050090507       29.8901706013       -0.585161550558     
40322               26.9153417007       17.3899698174       9.52537188328       
94544               26.7785666676       19.2676804522       7.51088621536       
135268              23.412390073        17.1805442737       6.23184579938       
168090              21.1535211093       10.781379555        10.3721415542       
19251               23.0116743467       18.4627562259       4.5489181208        
74085               28.2004035681       25.7691114263       2.43129214181       
95581               31.8965746301       22.854225552        9.04234907804       
8245                23.6069228434       18.5472527533       5.05967009012       
133342              26.1948882482       16.7156846487       9.47920359952       
70744               32.6644672128       32.41542927         0.249037942815      
15726               32.3133103153       29.9562019467       2.35710836869       
71960               8.84021604415       8.55312890572       0.287087138432      
162170              25.3758606009       30.2494751501       -4.8736145492       
166764              26.4397740661       26.4494804383       -0.009706372156     
166766              16.8470700435       23.2476146556       -6.40054461213      
36322               16.4223980464       23.6375584869       -7.21516044048      
133820              29.7876355039       27.5964848308       2.19115067316       
36320               30.2979129965       27.0158723204       3.28204067602       
47540               29.4989481108       30.7671803067       -1.26823219583      
62616               29.7792526671       29.4836463887       0.29560627845       
58704               31.4733142841       33.2769841063       -1.80366982221      
16826               8.84136353377       11.178454318        -2.33709078423      
104398              13.0475806198       14.6211509583       -1.57357033843      
160236              20.9853226685       23.6945079909       -2.70918532245      
127104              21.9909528572       30.6896482283       -8.69869537113      
160238              16.7696924138       23.4756597639       -6.7059673501       
40748               32.5075663275       30.896925247        1.61064108054       
138116              32.5360471347       23.5196764302       9.01637070453       
127106              29.3043876682       28.8920621199       0.41232554836       
160838              23.4026104836       22.2644784713       1.13813201227       
41378               21.9988812443       30.1121810677       -8.11329982335      
51498               32.8455056416       30.3569030323       2.48860260931       
61428               32.7751324684       31.9615171007       0.81361536767       
147748              27.3611145204       21.9342710359       5.42684348452       
169664              27.2523566232       24.2482694656       3.00408715759       
82724               22.4889745963       28.666287072        -6.17731247564      
17358               28.3525016875       26.7944264429       1.55807524457       
26738               2.95775118214       3.98282034455       -1.02506916242      
26739               5.4659597072        4.60420804107       0.861751666125      
113453              22.6113812187       27.1155901746       -4.50420895588      
102915              23.6663780365       25.0978143355       -1.43143629898      
48895               23.6275409078       30.073965549        -6.44642464115      
4594                18.9733769719       13.2627678007       5.71060917113       
135714              19.912869096        18.5889048607       1.32396423524       
136510              27.0630270711       23.0075103681       4.05551670299       
17214               30.5884071258       31.903147018        -1.31473989216      
30885               23.6884776265       28.3272738661       -4.63879623966      
113810              29.8280001861       30.1288675938       -0.300867407669     
9460                25.7263546891       33.2205633908       -7.49420870169      
94774               29.2146001095       32.2820227036       -3.06742259407      
73420               30.1615805602       29.398464079        0.763116481216      
75180               16.3268351472       16.561283571        -0.234448423862     
147272              14.6724048037       17.6639100082       -2.99150520448      
125392              16.3729783441       20.3136066859       -3.94062834182      
158524              3.09827570873       3.1986060361        -0.10033032737      
125520              11.1470014286       9.71392435844       1.43307707011       
139926              18.5857070646       22.8670523225       -4.28134525793      
67276               29.5679935793       29.960383684        -0.392390104704     
132037              32.5850436778       29.775129405        2.80991427281       
23553               33.1754415862       28.5966320174       4.57880956878       
121145              18.5117941686       21.2450355943       -2.73324142571      
8240                20.455509591        20.7674366576       -0.311927066671     
49138               32.0620852092       30.6919570272       1.37012818199       
141948              31.2301449243       29.2123923238       2.01775260054       
163924              32.7494380213       31.6546678585       1.0947701628        
39016               33.2088395918       32.2659865738       0.942853017945      
93180               31.5483585409       27.8114402126       3.73691832824       
71928               32.4935545998       30.1783897367       2.31516486305       
127294              24.0072966473       21.0454175087       2.96187913856       
160454              25.8304090235       18.0696392814       7.76076974214       
40026               23.6231654927       26.7932465227       -3.17008102998      
87756               28.3834649905       28.2598807577       0.123584232744      
66580               25.7150270432       27.863728532        -2.14870148881      
141986              28.7469407611       29.3651088726       -0.618168111502     
104402              17.0245578822       19.2415134319       -2.21695554963      
28256               24.4753187317       24.7433916359       -0.268072904172     
64528               22.5849045142       30.5447660864       -7.9598615722       
150976              18.1787700794       24.4400302129       -6.26126013345      
14547               8.74965149641       14.0755559334       -5.32590443697      
1529                15.857933986        16.1962732029       -0.33833921692      
40418               30.5916514684       32.5315215292       -1.93987006085      
137792              30.4691770411       30.6828437113       -0.213666670244     
120318              28.020938675        30.2311027158       -2.21016404078      
109346              28.5522373319       30.3925820075       -1.84034467562      
51542               2.02049938085       2.18739967196       -0.166900291109     
105300              1.5                 1.5                 0.0                 
115966              32.2729357371       32.7188176425       -0.445881905373     
115968              23.8237618177       24.2585607587       -0.434798941028     
88980               27.131044151        22.7000491057       4.43099504525       
116934              24.3422204192       23.1079699741       1.23425044505       
116936              23.9789184044       29.2227028918       -5.24378448739      
164177              26.0765449341       20.8373723797       5.23917255433       
164175              23.7655272805       21.2525921109       2.51293516962       
126314              24.5229334107       24.8155149068       -0.292581496089     
115534              24.9145873117       26.6103025278       -1.69571521601      
159362              24.2544960726       21.1292517144       3.12524435822       
109427              5.06083291154       6.10371119895       -1.04287828741      
112190              30.992564747        22.52444641         8.46811833707       
75522               22.6728851918       23.0732314467       -0.400346254941     
107636              19.3258919386       26.9988935202       -7.67300158161      
100130              20.6113280632       22.8909818692       -2.27965380598      
92346               30.9264152245       28.5608140127       2.36560121181       
115150              31.163123629        25.7885487752       5.37457485387       
115152              21.4375151076       26.3808620904       -4.94334698281      
115154              28.5921952749       19.9788412714       8.61335400348       
28414               23.2052071346       20.2063837686       2.99882336597       
138098              17.5414040451       25.3664143508       -7.82501030569      
40718               28.9924045469       29.5751961692       -0.582791622352     
112007              9.75169657227       15.4148927637       -5.66319619147      
3758                31.0299649778       29.6008101815       1.4291547963        
91270               28.5701510568       29.3880914429       -0.81794038613      
147312              24.2842829934       24.4504644737       -0.16618148035      
125448              28.9419904512       32.043563936        -3.10157348477      
114570              30.3169685868       25.4486176788       4.86835090802       
27832               27.852765056        25.9301549005       1.9226101555        
93094               21.1626350234       23.4157166193       -2.25308159587      
29806               19.6961637602       20.6900662894       -0.993902529191     
51114               25.1425240573       31.6081476934       -6.4656236361       
14646               29.0022425058       31.592817308        -2.59057480215      
3416                31.6638855757       28.156364144        3.50752143173       
47826               27.4643529133       31.8144991372       -4.35014622393      
148358              23.0445951916       28.6893801646       -5.64478497305      
39976               22.7793381999       26.3688000953       -3.58946189535      
137354              29.5373547254       30.5558257313       -1.01847100593      
40601               7.68819525285       7.73111381854       -0.0429185656914    
160105              32.0952921423       31.0873224902       1.00796965203       
126987              29.4320464979       30.8722282606       -1.44018176272      
148993              32.4845239857       30.5469771951       1.93754679056       
62659               31.1388893452       30.6635809927       0.475308352446      
78643               29.8269287153       30.8344325342       -1.00750381884      
165405              30.8937393616       24.7195852121       6.17415414957       
118768              14.291673982        18.8217833          -4.53010931804      
111054              20.8411753404       23.3227506722       -2.48157533175      
117474              19.2558133661       21.6507255581       -2.39491219202      
161420              21.5115216204       16.8804405475       4.6310810729        
128314              18.398942776        24.6928537174       -6.29391094139      
117476              29.5280839684       30.2374772756       -0.709393307178     
38148               27.2818118003       33.1264134544       -5.84460165415      
4982                31.8737507172       28.3476770455       3.52607367167       
135596              31.0955606496       28.4918064341       2.60375421545       
38066               23.1330125167       26.1389616244       -3.00594910773      
135522              22.203034119        25.8342940486       -3.63125992958      
124656              20.0375010623       16.9989894771       3.03851158526       
4624                23.4134281107       15.604206154        7.80922195673       
134996              15.7676811427       17.7227418132       -1.95506067046      
77728               22.2073870628       22.5757307608       -0.368343697968     
147840              31.704609545        31.7873553869       -0.0827458419221    
125416              28.5860467005       31.6249330698       -3.03888636929      
113418              24.1233538677       28.2782045236       -4.15485065588      
157246              27.3025360399       28.7830466819       -1.48051064199      
125194              26.2028457868       27.9294135005       -1.72656771377      
158122              29.2401115904       28.743545871        0.496565719389      
42462               28.0689305633       30.7659095983       -2.69697903507      
92338               24.2002524098       26.3651470679       -2.16489465807      
72616               25.2378972243       27.9017583655       -2.66386114117      
51004               28.9745266267       30.6311298787       -1.65660325201      
5130                23.8705929828       24.1555200949       -0.284927112128     
135750              32.2664696523       24.756263173        7.51020647932       
114024              24.1685159152       21.2649534681       2.9035624471        
107872              18.4699149073       25.7553641056       -7.28544919836      
118528              28.5725432465       24.7686951397       3.80384810671       
66810               25.5732845703       29.2344038794       -3.66111930908      
18900               28.5323701579       25.2924958548       3.23987430306       
16450               16.5359596553       23.1737044365       -6.63774478114      
93122               30.3818146247       30.9236961903       -0.541881565616     
75104               25.6569916415       26.9169243927       -1.2599327512       
153534              22.4625030095       24.9889371622       -2.52643415272      
19336               18.7131320952       16.3397780055       2.37335408975       
10539               1.5                 1.5                 0.0                 
17849               3.6569377697        4.13253111201       -0.475593342304     
172868              33.2940354793       25.4383277231       7.85570775612       
20650               4.3154179516        4.71954407475       -0.404126123146     
169408              25.3323943825       31.1590510802       -5.82665669765      
39054               26.1747138958       31.2202285276       -5.0455146318       
3350                25.7851612649       31.515145764        -5.72998449908      
88144               29.4264037467       28.720932817        0.705470929674      
27958               31.8432346272       30.296056194        1.54717843328       
64736               13.6973839595       12.4381553232       1.25922863629       
64734               22.8773175345       23.2192924312       -0.341974896665     
107580              29.6970453157       22.1950249568       7.50202035885       
30238               15.3769129408       13.6954926695       1.68142027129       
96628               31.6233850517       28.5717602812       3.05162477052       
53602               24.781575603        20.4521653675       4.32941023555       
20366               22.4836746995       22.9832191167       -0.499544417173     
93310               27.9783055874       22.8843459675       5.09395961994       
158670              28.5352425699       25.8163104495       2.71893212043       
39156               29.2544077354       27.4923583921       1.76204934329       
11933               16.4227030733       18.7268118912       -2.30410881785      
154114              26.3974105852       24.0401855842       2.35722500105       
165104              29.950170517        25.4248559736       4.52531454333       
121154              30.5167229972       26.6313498262       3.88537317103       
110372              22.4425609508       28.2477672939       -5.80520634313      
154116              23.2501881127       29.5886560854       -6.33846797271      
121156              24.0823737894       22.8382362359       1.2441375535        
155628              17.2515905654       17.7164315636       -0.464840998233     
8434                29.0667125736       19.5831116029       9.48360097067       
95724               28.3647528717       22.1047737643       6.25997910737       
26462               18.9021710934       24.9250276542       -6.02285656078      
36                  19.0029644348       16.5090692743       2.49389516051       
3456                9.56400191403       14.370861039        -4.80685912499      
158364              29.2854464317       31.5049975347       -2.21955110301      
125412              29.2007553268       31.7737337539       -2.5729784271       
27786               30.8577127484       28.0687871297       2.78892561861       
136342              28.8838998251       26.4082909788       2.47560884628       
169238              28.6875384498       17.2032701494       11.4842683004       
164664              25.0484623937       17.9013083653       7.14715402848       
167824              32.5417820103       25.4021724038       7.13960960653       
89440               17.5008852768       29.2145119113       -11.7136266345      
72038               24.9767803149       26.472244118        -1.49546380316      
149200              21.7652112481       30.8507857117       -9.08557446359      
84140               17.1936290537       28.6221969311       -11.4285678774      
62856               29.5160409144       28.802770096        0.713270818353      
105756              15.8495468325       13.3672194634       2.48232736908       
160358              24.4559780432       27.2589714869       -2.80299344362      
40856               29.3536057885       30.7415942206       -1.38798843216      
7726                25.1483871786       27.081729668        -1.93334248939      
93652               26.590503205        24.2181322072       2.37237099774       
72408               29.0342716409       31.881594457        -2.8473228161       
104490              18.5118839483       23.2205051826       -4.70862123437      
158994              31.795782178        22.7396971772       9.05608500083       
39506               26.1711748352       23.0628366843       3.1083381509        
50618               32.8178514889       29.1195105515       3.69834093741       
147874              32.5339595724       26.7158525488       5.81810702359       
82840               31.9666440203       28.5840226858       3.38262133445       
61574               31.9056767849       26.2455254134       5.6601513715        
147890              30.095874998        31.3541571158       -1.25828211777      
39528               24.8982588311       15.0106090152       9.88764981592       
131396              3.82591626361       3.25599975605       0.569916507558      
128738              30.2264763565       24.2975365293       5.92893982717       
134491              30.470198029        32.2114308472       -1.74123281827      
168202              26.669108354        24.4831095499       2.18599880409       
57097               20.3217774066       25.771483654        -5.44970624746      
57096               23.4101180963       29.5821850494       -6.17206695311      
4868                29.6063891828       27.8336634488       1.77272573401       
308                 22.5562468286       30.2346111688       -7.67836434023      
5506                31.1281962915       26.0868914251       5.0413048664        
5508                33.3114818781       31.0221488026       2.28933307555       
95098               19.431483907        30.522763405        -11.091279498       
160390              25.271930901        22.2328565504       3.03907435065       
153152              25.8291742035       30.9095249442       -5.08035074064      
126246              28.7060586961       28.728731837        -0.0226731409388    
72788               4.48192229584       4.08776661758       0.394155678264      
15450               20.8759229329       16.542988504        4.33293442888       
91610               21.698594363        24.7668666231       -3.06827226008      
28294               15.9818954563       17.1875724027       -1.20567694636      
136874              18.6757746278       17.3082293495       1.36754527825       
125882              12.5635430841       12.3000514263       0.263491657758      
46130               27.5652683232       22.8052370934       4.76003122981       
143470              28.9651036566       28.4451019782       0.520001678347      
78620               23.7020405777       30.0830533658       -6.38101278805      
72057               31.6294433356       26.0952363607       5.5342069749        
161924              12.8831748101       10.4450850515       2.43808975856       
128844              21.3241545445       19.1416458272       2.18250871731       
31458               24.6328923146       23.3109124709       1.32197984376       
6710                25.5421701017       30.1217213212       -4.5795512195       
137272              29.3411215358       33.1908267552       -3.84970521946      
126276              24.6095064348       24.2119719008       0.397534534064      
137127              11.9821804239       13.5162440412       -1.53406361732      
93680               28.0718378795       30.9206477648       -2.84880988524      
62140               16.6001369693       8.90282956565       7.69730740361       
62142               25.693693833        25.8493718627       -0.155678029692     
104088              9.46083597012       20.8295354012       -11.3686994311      
114716              14.8107501135       21.6433713774       -6.83262126385      
135420              17.4727743424       26.1134076657       -8.64063332329      
92286               5.56159254035       4.0056695175        1.55592302285       
172900              13.5807742592       19.836783714        -6.25600945473      
166718              30.5792258618       29.2603192215       1.31890664028       
166720              32.03014733         30.3681048768       1.66204245323       
79928               21.8374527342       22.4165616782       -0.579108944013     
14332               23.9860248928       24.289208633        -0.303183740231     
9900                32.1248497219       29.3700194495       2.75483027237       
47500               23.2128284276       31.8105087804       -8.59768035277      
144860              29.5612810291       30.687251491        -1.12597046184      
167024              28.178765471        32.4549120966       -4.27614662561      
39982               31.5323978107       28.9828227305       2.54957508019       
31710               31.7991637481       32.8789481487       -1.07978440063      
125178              21.1446288356       22.3410658555       -1.19643701989      
128755              11.5743773714       12.3677691968       -0.793391825417     
128750              30.8601419461       25.3646633212       5.49547862481       
117852              30.4016082464       23.7219359112       6.67967233521       
53576               17.7716473056       8.28480934684       9.48683795874       
99650               16.05495273         25.7864909559       -9.7315382259       
37986               20.8154910308       22.2841926802       -1.46870164936      
145188              29.1872673546       23.6586756221       5.52859173251       
36618               26.589364231        24.2501290005       2.33923523053       
130858              25.9939110752       20.6862818207       5.30762925447       
120984              24.2261901458       18.0513067132       6.17488343258       
138310              25.4751756541       30.7754362619       -5.30026060772      
84222               30.5943192334       32.3020149378       -1.70769570433      
62938               24.2402867416       32.9051938809       -8.66490713922      
149272              25.581667182        27.4422425012       -1.86057531919      
126640              23.0762210424       32.0452662503       -8.96904520784      
73712               29.0003830838       16.0201521619       12.9802309219       
26503               2.33842156288       5.82035513767       -3.48193357479      
11842               21.7537705148       23.0564181272       -1.30264761234      
88036               14.9866406514       18.5447846276       -3.55814397617      
109352              26.2699262207       20.7528257911       5.51710042962       
66538               16.9558073991       32.863433242        -15.9076258429      
98766               16.2610059873       21.5937444256       -5.33273843837      
30358               21.9970272915       22.6750038815       -0.677976590035     
138108              19.5895931482       21.7058269171       -2.1162337689       
138109              11.2205005134       10.3566481619       0.863852351531      
131035              28.5135921791       22.7163608034       5.79723137568       
33685               22.6671443149       17.6493070231       5.01783729179       
131033              18.14787816         16.3597083424       1.78816981757       
11623               27.9995285547       26.4210215407       1.57850701397       
77393               25.7480391042       24.9811761329       0.766862971363      
164523              23.6407706843       17.9642937217       5.67647696264       
153499              23.9285039661       31.1554847383       -7.22698077212      
88237               21.475518931        27.2039292705       -5.72841033945      
133320              11.52968352         11.2458810832       0.283802436806      
170688              25.8385865758       24.5699058818       1.26868069398       
67763               20.3113856005       13.4824177263       6.82896787415       
114590              27.2753624346       29.3697656642       -2.0944032296       
109694              27.9249832825       30.4325083091       -2.50752502657      
117868              19.843676988        30.0566808233       -10.2130038353      
31386               19.3628988212       30.1334248362       -10.770526015       
45130               18.5558354667       31.2426751107       -12.686839644       
166129              19.1179648051       19.0963785494       0.0215862557108     
131601              21.7574692912       24.2434976361       -2.48602834488      
31894               12.1327049278       10.4626158268       1.67008910104       
78624               26.6183392029       30.5552305018       -3.93689129893      
93380               31.9829167699       28.8775831267       3.10533364319       
72144               32.6536759247       30.3859854282       2.26769049654       
97415               13.8528159503       21.3855295774       -7.53271362711      
88426               31.6498401137       30.4892718505       1.16056826313       
153674              28.305259511        26.6205813319       1.68467817916       
164666              31.6515960426       28.2650711482       3.38652489447       
164668              30.5911378287       27.9106356783       2.68050215042       
127228              20.9059627274       32.1536006643       -11.2476379369      
29812               30.3443471767       30.3414090003       0.0029381763613     
95056               33.0717204827       31.53820713         1.53351335275       
142309              14.6652802489       18.3219342952       -3.65665404628      
77553               5.29045091644       4.38365886771       0.906792048736      
131205              16.3139532323       16.5395413294       -0.225588097097     
37821               17.6528166936       18.0726597401       -0.419843046414     
155972              30.2944251849       27.5543997484       2.74002543658       
112032              31.2173067828       26.6906231593       4.52668362347       
155798              29.0235931203       28.6562406277       0.367352492608      
79906               16.6866776151       28.5633802207       -11.8767026056      
7558                22.9703572268       21.7193698547       1.25098737218       
138112              13.5247563576       13.5247563576       0.0                 
8242                25.2084146375       30.0324749042       -4.82406026665      
8244                25.7583562231       29.5458889852       -3.78753276208      
95580               20.4807470127       23.4072156202       -2.92646860758      
14610               25.066600806        28.0812983928       -3.0146975868       
114026              28.757475405        23.0771163813       5.68035902363       
71368               28.3056329946       18.1724126453       10.1332203493       
72312               26.4827596587       27.5642296095       -1.08146995079      
17380               26.1193460419       28.4534415321       -2.3340954902       
125946              31.4363552244       25.9216769609       5.51467826354       
130458              15.9511833706       11.3551283808       4.5960549898        
76802               17.1923044062       30.3051476223       -13.1128432161      
55409               8.11170990269       22.5072903616       -14.3955804589      
153256              14.8223989115       23.8440594036       -9.0216604921       
3985                2.24582668823       1.5                 0.745826688235      
88182               29.2670220001       24.8118434469       4.45517855329       
153878              21.7337967181       25.0611719937       -3.32737527565      
37954               5.898195659         6.26716803822       -0.368972379223     
102884              27.8162526802       31.3543613652       -3.538108685        
48868               4.22069841386       5.69155298409       -1.47085457023      
147292              15.5250848472       28.4203075162       -12.8952226689      
169234              29.4855455969       27.5131885108       1.97235708604       
160414              31.919461699        32.1095834047       -0.190121705692     
42954               19.9512942066       26.0130053324       -6.06171112584      
78114               29.0665355763       26.2174893644       2.84904621193       
19572               32.2310568541       33.0885924564       -0.857535602324     
52828               28.7698266999       30.5287591448       -1.7589324449       
147540              30.4550672866       32.3878138091       -1.93274652257      
39148               18.8663777199       30.5680592573       -11.7016815373      
136594              31.2745179559       31.8486362278       -0.574118271886     
78112               24.4594770128       26.2997499788       -1.84027296603      
4287                17.6678006883       25.422277389        -7.75447670068      
7525                1.60879586137       1.69400193555       -0.0852060741731    
26734               12.4365999315       14.3142274798       -1.87762754833      
114712              32.380450891        31.6853497034       0.695101187602      
38064               27.2650883879       29.5847441229       -2.31965573506      
50488               28.9917520308       27.006730853        1.98502117777       
147774              29.3812991373       29.771389788        -0.390090650755     
82732               15.0070272153       10.3682089546       4.63881826066       
104522              24.9812404631       29.3801315125       -4.39889104938      
72308               30.7693773435       24.0249911096       6.74438623394       
17378               30.993998375        25.1502697812       5.84372859384       
6266                25.6445571381       25.2339266612       0.410630476932      
7290                26.6968720304       29.0172547037       -2.3203826733       
82766               13.6588056659       14.3581259055       -0.699320239568     
148194              24.0947215914       21.2114512038       2.88327038755       
40906               29.3858787248       24.9326353909       4.45324333388       
55906               16.9148022002       26.7261744332       -9.81137223306      
55908               16.1086794984       26.1590054553       -10.0503259569      
104780              21.2084044618       27.4873204219       -6.27891596005      
120467              26.455232455        25.9250785299       0.530153925107      
120466              15.0573207643       17.9061948894       -2.84887412518      
109724              12.9202482045       28.4527075215       -15.532459317       
109726              12.7029712441       26.9792852542       -14.2763140101      
150832              25.1354151396       25.3138881678       -0.17847302818      
135020              20.7205043724       23.2975113571       -2.57700698468      
124062              20.5987500508       32.3677356327       -11.7689855819      
92789               16.5999993472       26.8474361027       -10.2474367554      
4227                30.4744516078       28.7363173764       1.73813423136       
32096               2.4889833847        2.3905488827        0.0984345020036     
78600               17.9603328319       21.320564279        -3.36023144717      
121454              9.88262246562       10.0184808226       -0.135858356991     
105268              13.4053911057       11.7235168689       1.6818742368        
157112              23.2214186857       24.457824547        -1.23640586138      
120754              17.5619722918       24.4116329066       -6.84966061484      
64536               27.9319344343       27.1563899773       0.775544456984      
107442              25.2410261799       21.212518323        4.02850785686       
136850              28.0259341406       24.9867560615       3.03917807912       
132728              22.2604924517       24.0816971953       -1.82120474366      
70512               4.54214442147       4.31950760034       0.222636821126      
95728               27.3027520381       31.2967747446       -3.99402270652      
79560               31.9055303746       18.8295644132       13.0759659614       
109806              26.9010885985       24.9967166741       1.90437192438       
7570                26.4392342207       30.0377437155       -3.59850949481      
95050               29.0108031503       28.2112899019       0.799513248393      
69200               27.411502104        28.57680756         -1.16530545605      
149840              31.7190576112       26.6997920218       5.01926558945       
127836              26.8188284262       25.8752103217       0.943618104572      
22930               25.31640013         24.6485560993       0.667844030679      
9520                19.0791618385       18.1491527044       0.930009134096      
53676               29.9780922482       27.6656187847       2.31247346352       
165110              3.96282940267       4.06907770868       -0.106248306011     
86650               7.47410161465       7.84233339502       -0.368231780374     
86651               27.8394434363       27.0713400677       0.768103368602      
