gid                 my results          his results         difference          
102238              25.4407514752       26.4883286357       -1.04757716056      
146369              13.213108936        12.265239218        0.947869718019      
61928               1.5                 1.5                 0.0                 
91543               1.5                 1.5                 0.0                 
85944               27.0058544696       26.4521468456       0.553707624022      
110840              12.1072694113       12.5761933764       -0.468923965129     
24018               22.0520961236       23.2423484205       -1.19025229686      
3116                29.3222065614       26.5567063281       2.76550023328       
2840                30.7030883874       28.0125891458       2.69049924162       
2842                29.2632113514       28.0717880434       1.19142330802       
167836              23.7541371598       20.7259187212       3.02821843861       
58798               20.5740507313       14.3586622495       6.21538848183       
58800               16.887643024        19.4954044523       -2.60776142831      
14656               22.5134796314       27.5579859071       -5.04450627573      
61602               29.9079374549       30.2564996221       -0.348562167239     
104548              29.5546077063       32.8908333771       -3.33622567077      
115146              30.5635210281       31.6877660339       -1.1242450058       
72448               31.0752450476       30.2683942913       0.806850756375      
142960              27.1985333008       32.947118096        -5.74858479526      
78142               18.5805345759       29.4767121679       -10.896177592       
67497               23.1235777457       27.9995978971       -4.87602015133      
120503              11.9758058741       9.85910271252       2.11670316155       
136862              5.72643479796       8.23477703988       -2.50834224193      
4906                28.5012887426       28.4209291409       0.0803596017626     
60322               31.5936475254       31.6562557642       -0.0626082388742    
146642              28.6612089849       28.4237691761       0.237439808798      
21114               10.8197219283       10.2152880325       0.604433895756      
81446               21.2746336686       22.6548946245       -1.38026095589      
149013              29.2980469005       29.7796625867       -0.481615686172     
29574               24.437071226        21.0261462932       3.41092493277       
93542               24.4475507755       26.3977447708       -1.9501939953       
115004              22.6715090058       23.4756482624       -0.80413925661      
115006              27.8215073039       29.621977269        -1.80046996511      
158912              28.1703461189       29.8277949103       -1.65744879141      
77282               22.4449056003       21.3817813265       1.06312427385       
11492               7.00729489971       6.39951370817       0.607781191536      
31700               30.2099377035       26.91791765         3.29202005343       
96982               31.151568098        29.6334825077       1.51808559031       
31702               25.180501342        33.148183852        -7.96768250997      
96984               26.0315947105       31.9710159939       -5.93942128342      
162160              29.5830927232       20.7699741564       8.81311856678       
172878              26.6047200273       23.604712811        3.00000721627       
41672               29.7860753911       29.3299258889       0.456149502218      
95872               27.320022612        24.3607346485       2.95928796351       
72942               31.3966413556       25.8942854111       5.50235594449       
148402              30.4373352258       26.4662650807       3.97107014519       
126392              27.6854464557       30.2979540559       -2.61250760024      
28906               28.5062898913       28.229335334        0.276954557301      
142990              30.2195647706       20.9003786343       9.31918613631       
34492               32.1565919017       26.335855334        5.82073656764       
6810                23.9374419608       14.3717259573       9.56571600353       
85867               22.289697148        21.7393284344       0.55036871359       
48536               13.2918138823       12.788673303        0.503140579249      
46822               23.3382627496       30.3251723673       -6.98690961767      
81478               22.0022655578       28.4937904444       -6.49152488663      
88138               24.0823452216       23.5387070287       0.543638192862      
153356              25.9958692183       23.6255992949       2.37026992336       
164404              30.2237964038       25.2108385258       5.01295787798       
147784              9.47527534945       12.5549348987       -3.0796595492       
126252              26.9210564733       18.199221345        8.72183512831       
28240               28.4757998934       26.1568295877       2.31897030573       
93536               29.0671554689       23.8587241196       5.20843134929       
158894              19.7061340335       21.6323774986       -1.92624346516      
113818              27.629284126        23.8268691779       3.80241494811       
157572              25.7639776842       27.0017879289       -1.23781024471      
81568               30.0106782069       26.921175142        3.08950306491       
103194              28.5065781756       29.6761621747       -1.16958399912      
26986               29.5626437179       24.4394330884       5.12321062949       
4046                20.7122391162       26.4430339629       -5.73079484672      
48468               18.1049404931       29.4334425108       -11.3285020178      
59570               32.2411586495       23.9992980544       8.24186059516       
102522              32.6426088777       32.152433723        0.490175154689      
70442               31.0289509464       30.7736141748       0.255336771607      
59330               32.5435750998       30.0499795712       2.49359552857       
18770               30.7838809041       32.6304559285       -1.84657502439      
52050               28.3751372361       26.3422239515       2.03291328463       
18772               29.5625235426       31.5758408476       -2.01331730505      
52054               31.8697626623       33.2097906975       -1.34002803519      
18774               31.2799561518       24.1519969786       7.12795917322       
62366               5.72748437703       5.26688363367       0.460600743365      
67274               23.3449942064       22.9481615578       0.396832648546      
99474               31.1741405368       22.3278596288       8.84628090795       
50488               27.5489246972       28.5151047027       -0.966180005485     
82732               25.6559907591       23.4120399353       2.24395082386       
172704              18.8428131098       17.745500981        1.09731212882       
16468               15.3056484563       15.940839188        -0.635190731683     
146775              1.5                 1.5                 0.0                 
81731               3.23417647471       2.64166106168       0.592515413034      
55878               15.2842158894       14.5138482381       0.770367651301      
164180              21.6116379525       23.3167290011       -1.70509104866      
172096              24.0406580266       21.7805143816       2.26014364494       
66764               25.1309055252       25.7683101129       -0.63740458772      
93982               31.7296160455       29.9308199341       1.7987961114        
115450              31.5514900608       31.3689452173       0.182544843512      
72790               32.366847105        30.5931796285       1.77366747652       
103960              32.8018095336       31.7964305524       1.00537898119       
118528              15.2098346358       14.3061234683       0.903711167482      
29514               23.5189386035       23.1397787462       0.379159857232      
135540              15.0555479253       28.4532007636       -13.3976528383      
124676              20.9636914892       27.3872988719       -6.42360738271      
113832              18.8387650678       17.6295436643       1.20922140354       
27034               18.6088069167       24.8259032576       -6.21709634092      
4910                25.1863209696       25.5056058241       -0.319284854537     
49210               22.8356012413       20.5050260056       2.33057523576       
100436              22.9646172991       22.0790442022       0.885573096885      
160320              30.7306164284       27.8332650624       2.897351366         
78788               30.7070281757       27.7065854737       3.00044270203       
66804               24.6274493433       25.0500312031       -0.422581859725     
105304              14.2098467086       32.3967992043       -18.1869524957      
159820              10.6701400652       16.8768950632       -6.20675499807      
77566               9.96693701833       25.1250535491       -15.1581165308      
99108               21.9827189293       28.1402821558       -6.1575632265       
121133              19.2931498498       16.9081259561       2.38502389376       
168468              20.6504530373       26.0668400742       -5.41638703692      
81606               29.4238297046       31.1131928165       -1.68936311186      
104834              23.8578699465       32.5772372672       -8.71936732065      
159494              24.4980939739       25.6199798094       -1.12188583543      
126428              27.2692062472       33.0067663573       -5.7375601101       
160458              27.1411168044       27.3517972296       -0.210680425207     
120464              30.5813008905       26.0766633389       4.50463755161       
149053              1.5                 1.5                 0.0                 
102552              25.4258444419       30.5434584529       -5.11761401097      
20538               13.307853296        17.9852738629       -4.67742056696      
53812               29.6899614946       25.6845080932       4.00545340143       
151002              22.4907027259       31.0719649093       -8.58126218341      
67846               28.6113444774       23.9212608455       4.69008363189       
146440              26.2266363102       30.9759151583       -4.74927884809      
164852              26.8632042549       29.5385257735       -2.67532151854      
78158               25.0859916898       31.5875065124       -6.50151482262      
12480               31.4457225028       29.7859134919       1.65980901085       
94142               28.5498994359       24.8953755616       3.6545238743        
153291              20.8603841105       14.6738903762       6.18649373428       
71870               23.3803093881       24.8819525125       -1.50164312441      
106844              6.65743525567       8.8386658454        -2.18123058973      
111289              18.9966656072       25.4629322179       -6.4662666107       
159463              4.18381785005       5.0629753809        -0.879157530851     
107552              14.8523081089       18.2031044717       -3.35079636279      
61458               25.9656379846       14.7757795622       11.1898584224       
61462               17.9196489609       24.5837314827       -6.6640825218       
61456               23.4050709683       30.5011361898       -7.09606522145      
147786              23.6921661893       31.4394148383       -7.74724864898      
125862              6.30826886762       10.1792996338       -3.87103076614      
6714                19.3632938716       20.4836641518       -1.12037028022      
79774               18.501668721        13.0491769013       5.45249181972       
67990               21.418761342        22.5347262423       -1.11596490024      
38150               32.8695770681       32.9678964169       -0.0983193487744    
135598              30.6705184809       30.4074390176       0.263079463263      
166784              25.0087204776       30.0905077955       -5.0817873179       
36340               26.1159034331       29.5784812763       -3.46257784322      
124809              10.6219964704       9.98135394158       0.640642528869      
135424              9.87784905118       13.4111624075       -3.53331335633      
37954               28.3767309674       32.8582513823       -4.48152041492      
148738              23.4946874058       27.0889277318       -3.59424032604      
126756              23.1800705294       26.7197840154       -3.53971348595      
114270              22.0921533167       25.8533456278       -3.7611923111       
114280              24.155606579        24.6462441679       -0.490637588862     
133616              24.6725670816       22.7366622783       1.93590480323       
127212              11.6098068745       15.0927921121       -3.48298523754      
160352              28.6499688567       29.8071261568       -1.15715730008      
120664              18.8904638531       21.1177425626       -2.22727870956      
164846              20.4514855079       16.7831238458       3.66836166209       
78058               25.0180917973       24.0662087462       0.951883051037      
99650               22.0199139118       24.0018767718       -1.98196285997      
86284               19.945674543        22.0281863472       -2.08251180422      
21002               21.0234922061       20.5600033504       0.463488855646      
140630              11.7325496649       11.9088805846       -0.176330919725     
83282               26.2079576195       20.9819841313       5.22597348826       
104988              28.0966042751       25.1913237853       2.90528048973       
159436              28.8404310146       26.9170893129       1.92334170176       
159441              28.3322718328       27.7539608379       0.578310994861      
115605              29.939182075        27.7573507782       2.18183129682       
110160              32.0077337117       29.8292889847       2.17844472703       
22627               11.3882676534       11.3420369735       0.0462306799754     
22626               10.9003872534       12.5466893077       -1.64630205434      
131120              13.5313471016       15.0131639202       -1.48181681868      
77484               29.3297161623       31.8755717897       -2.54585562737      
145002              6.98888933161       6.49069724897       0.498192082642      
134150              26.5841978989       30.277357203        -3.69315930417      
127956              17.7296327817       28.4935216798       -10.7638888981      
30566               24.8499201519       26.9274990412       -2.07757888931      
95868               30.65004069         31.324275005        -0.674234315064     
161086              29.3757508741       28.6843486167       0.691402257463      
41664               22.1482658378       31.9860605832       -9.83779474535      
7228                27.3542033485       28.8215646046       -1.4673612561       
131450              28.8185390562       27.5728565463       1.24568250986       
45836               16.4457060779       22.9001865659       -6.45448048805      
40412               16.5883405289       13.1961637591       3.39217676984       
148682              32.4934795827       24.6403560436       7.85312353917       
40322               32.14168204         26.9927340722       5.14894796776       
94544               29.6797959375       23.3999570529       6.27983888451       
29748               22.295105746        27.6624238637       -5.36731811765      
16982               14.8842775666       20.3137822415       -5.42950467497      
93156               11.6467680321       21.8971461609       -10.2503781288      
167520              23.7736505164       29.2219688513       -5.44831833486      
167522              30.2928345944       27.825827826        2.46700676835       
123748              27.5400585839       31.4507546058       -3.91069602185      
26132               24.2094661273       18.2026493475       6.00681677983       
66576               6.3311423457        9.60305486685       -3.27191252115      
103190              26.6340627906       23.812056227        2.82200656362       
113812              30.4788903042       29.3673474309       1.11154287322       
115454              29.7619192259       30.2569120589       -0.494992832964     
79310               26.7909001466       16.1203412052       10.6705589414       
127302              13.3558234505       19.1685196943       -5.81269624382      
134728              4.07228884819       3.72458271383       0.347706134364      
139546              32.101170473        30.3746246991       1.72654577388       
85292               30.4019218905       29.1531289214       1.24879296916       
150396              27.9289484791       24.9986086196       2.93033985951       
85294               18.8982042447       28.5829251698       -9.68472092512      
150398              22.7366944129       29.8404954797       -7.10380106677      
60436               5.64775346501       5.4409967497        0.206756715316      
145683              28.2655929183       25.4662383831       2.79935453524       
80703               27.2940283714       20.1558361704       7.13819220104       
167489              25.7890928806       33.2805081995       -7.4914153189       
134673              32.8965050534       29.5390610151       3.3574440383        
136456              22.5009184247       28.3492352649       -5.84831684019      
38992               27.606084654        25.1485094827       2.4575751713        
50098               24.6215950862       26.636970687        -2.01537560084      
15166               26.3432201855       28.7069975325       -2.36377734702      
2944                20.943901017        31.6432355315       -10.6993345145      
2946                12.0680290981       9.1128475518        2.95518154628       
5440                18.5064550363       18.9775753354       -0.471120299115     
134604              19.9957417952       26.0147746997       -6.01903290453      
60405               14.009388331        14.112996608        -0.103608277039     
71196               14.7731562077       15.7012241855       -0.92806797785      
146686              20.755518191        25.0157515796       -4.26023338862      
167784              28.1619303251       28.4862321858       -0.324301860762     
124992              13.3389517001       22.7336856563       -9.39473395616      
580                 33.2868537693       31.7877799792       1.49907379007       
22892               29.8301621009       32.4987747928       -2.66861269198      
45184               31.5758791366       31.7673370869       -0.191457950293     
99256               30.1156923908       31.2676263647       -1.15193397391      
153890              30.3892896377       30.5403793499       -0.151089712209     
78114               30.561761623        31.595556382        -1.03379475896      
19572               30.106448678        29.495945542        0.610503136015      
52828               31.5585461462       31.07596181         0.482584336208      
147540              31.3812973555       30.1801288121       1.20116854333       
39148               31.9181018511       28.6055381984       3.31256365273       
40080               14.0607395644       14.5076859839       -0.446946419538     
6892                21.9560767743       19.028404734        2.9276720403        
135956              25.7744679741       20.1098779458       5.66459002825       
38500               19.1369044752       20.5364520374       -1.39954756223      
49622               18.7453818423       22.4062723683       -3.66089052605      
147012              26.3835169025       29.1404321304       -2.75691522796      
105920              15.0669788745       15.7183624662       -0.651383591763     
160516              15.0817331544       18.8935326218       -3.81179946735      
171196              19.6214448347       19.4814147814       0.140030053278      
86390               29.5289881184       31.2756482511       -1.74666013268      
21138               27.4474622565       24.4945104426       2.95295181385       
52162               25.7134851467       25.8347830642       -0.12129791754      
25354               24.229632334        28.1432984879       -3.9136661539       
47604               26.371702935        28.9763662586       -2.60466332363      
14450               15.2007287662       13.7626996801       1.43802908608       
3174                15.8828749408       15.1651480442       0.717726896569      
124908              17.2957222582       22.9612623142       -5.665540056        
142712              18.3246855237       18.1160355313       0.20864999236       
166720              19.8208462065       24.1293955973       -4.30854939077      
17112               26.280054866        25.6229182237       0.657136642232      
104130              25.3763640517       24.935014504        0.441349547779      
72034               24.9292285929       27.8926441578       -2.96341556493      
147508              25.4258369482       26.3429045677       -0.917067619474     
125620              32.883253901        26.8407337755       6.04252012555       
72810               28.3232532253       32.8265646077       -4.5033113824       
143242              7.20170931844       5.98416585067       1.21754346777       
143243              9.62798537805       7.246014782         2.38197059605       
50477               26.4746863227       33.3155027561       -6.84081643337      
96212               17.9982419104       32.6817889779       -14.6835470675      
30942               23.841764984        30.4440881531       -6.6023231692       
139504              29.6629755188       31.7686471675       -2.10567164872      
85256               27.3085478746       26.9898606387       0.318687235911      
150366              30.5091070156       27.2018464197       3.30726059585       
50904               23.1642965765       26.0118158249       -2.84751924833      
96536               22.3773918722       21.1039613594       1.27343051284       
17830               30.2171666459       27.8155688052       2.40159784072       
137286              25.8654658495       20.9460403422       4.91942550726       
160350              15.3762201417       12.5269614194       2.84925872235       
110002              29.2711838718       27.7367739588       1.53440991302       
67280               29.4607417074       20.9153560976       8.54538560976       
17196               7.13799052983       12.3087658853       -5.17077535551      
104178              27.2343921721       20.7638034332       6.47058873888       
75344               11.2046422521       9.22438998681       1.98025226524       
59590               31.8704518794       32.6219719341       -0.751520054687     
159362              19.9553093514       14.3928912035       5.56241814788       
130926              28.0388762689       28.4480955619       -0.409219292945     
127290              29.1273553711       21.1889109187       7.93844445247       
23260               19.6441796626       22.683654773        -3.03947511039      
1028                28.406480425        30.7482620817       -2.34178165671      
135426              25.7512837519       28.649186699        -2.89790294717      
168272              24.8226459241       29.7315458384       -4.90889991424      
48174               32.3512588653       32.5496166263       -0.198357760964     
145556              29.5769149508       32.9219838818       -3.34506893109      
31696               28.8965861592       26.3756166987       2.5209694605        
111888              13.112455435        14.9177276387       -1.80527220376      
25072               8.67603225043       15.9161675473       -7.24013529691      
47328               17.3833182812       27.1724017459       -9.78908346476      
100246              21.5955402817       27.5924048249       -5.99686454326      
154428              25.8843132786       29.8260396759       -3.94172639731      
88812               29.7486182721       21.699676094        8.04894217807       
110350              28.1054755661       25.2318807132       2.8735948529        
154094              25.3448228111       25.2935727753       0.0512500357688     
159130              1.5                 1.5                 0.0                 
40995               23.3295909067       25.8267081158       -2.4971172091       
127714              15.5625025179       15.9238805041       -0.361377986176     
93546               22.6066502692       32.4155590428       -9.80890877358      
72318               25.5389680314       22.1247662956       3.41420173573       
164862              28.1402855864       26.1116812497       2.02860433672       
170232              18.2816765178       18.2172541094       0.0644224084414     
126380              18.2021498318       18.7547503109       -0.552600479093     
124046              26.7464025663       23.8131732149       2.93322935144       
113210              28.4345748156       29.9004153411       -1.4658405255       
110370              18.598615716        22.2474082481       -3.64879253215      
23562               20.0994189447       26.3329260446       -6.23350709985      
88884               18.967693257        22.2358357536       -3.26814249652      
154114              25.8140927362       19.6686380322       6.14545470392       
165104              30.7873827727       31.4425592858       -0.655176513111     
121154              28.3929560472       26.9907441641       1.40221188315       
110372              19.9864769106       20.8202504988       -0.833773588235     
154116              24.0004894137       32.0029936145       -8.00250420078      
121156              16.4928938302       21.764002274        -5.27110844384      
154118              23.2197168156       23.9184217114       -0.698704895832     
121158              16.3275621163       15.33017947         0.997382646317      
154120              23.9300379201       25.9638538109       -2.03381589083      
34642               27.5728241855       26.4600069929       1.11281719254       
1316                18.7353364709       20.0596893806       -1.32435290969      
137192              24.2069938869       26.5176976764       -2.31070378955      
66662               32.8057100435       31.6363261706       1.16938387293       
142056              19.8270189929       32.3993576455       -12.5723386526      
77320               21.8653794052       29.8528927433       -7.98751333816      
55942               19.1630286444       25.4633586438       -6.3003299994       
11536               21.6243982775       23.3272663709       -1.70286809331      
87814               20.4763256297       26.3172799618       -5.84095433202      
56200               24.0881030897       24.5590798648       -0.470976775004     
33620               27.3119649188       30.6158608905       -3.30389597173      
44736               19.6109739322       20.6657397309       -1.05476579871      
27654               27.238909321        24.4957338223       2.74317549866       
88632               26.1954702163       29.8383885918       -3.64291837549      
27576               26.0207558777       28.2333490315       -2.21259315382      
92840               25.6399637778       23.9740110549       1.66595272295       
158184              25.3706116797       31.3339513936       -5.96333971389      
82100               28.3157491802       29.8492223242       -1.53347314399      
147136              28.1268857585       29.9845367229       -1.85765096435      
125242              30.769248325        32.6870989738       -1.91785064876      
71578               27.3339957521       29.6564061286       -2.32241037656      
18884               28.9861608723       26.6403060453       2.34585482705       
138386              27.1247893342       27.7916356137       -0.666846279442     
41002               28.7983640778       24.5814388623       4.21692521555       
138388              25.8275114719       24.3954414418       1.43207003011       
34255               23.9813824665       26.0214478771       -2.04006541069      
148710              27.1857009368       24.2750765077       2.9106244291        
40358               25.9721685713       22.8752493609       3.09691921039       
137730              24.2614223654       25.0652397317       -0.803817366256     
83640               31.9096068465       19.3451546337       12.5644522127       
125514              33.131644511        23.0341432625       10.0975012485       
27916               25.1081226548       22.3562187366       2.75190391824       
5808                22.2922397797       26.0811006561       -3.78886087645      
5810                22.1599947326       22.8632353238       -0.703240591282     
50122               22.8871778121       27.0093395495       -4.12216173742      
104016              26.035393564        24.8661575926       1.16923597134       
137936              20.4490350229       21.447876636        -0.998841613119     
26326               7.73584398212       7.46480697087       0.271037011251      
6308                28.3000661647       29.0588160839       -0.758749919235     
3456                6.0037364936        7.20792872704       -1.20419223344      
134162              3.12278499002       6.82302145353       -3.70023646351      
169738              28.2960325499       25.1652406422       3.13079190761       
41006               18.7535917105       22.0363458499       -3.28275413933      
138392              21.6793964444       24.8907158086       -3.21131936421      
162492              10.3845947744       12.7546451057       -2.37005033133      
86290               33.2656182656       30.9697378501       2.29588041546       
151426              25.1861074927       30.3282640345       -5.1421565418       
173248              30.7451463579       32.148229104        -1.40308274614      
86276               29.1598548458       31.4942819865       -2.33442714063      
21012               29.2548289254       30.8064977619       -1.55166883654      
54276               30.9265215071       32.0018479958       -1.07532648865      
65028               20.0450004159       29.2321718247       -9.18717140882      
65030               18.2831384714       22.5797562292       -4.2966177578       
125660              27.5844560498       29.8532714168       -2.26881536702      
114794              29.634788334        29.8135757727       -0.178787438705     
113736              28.0329855827       30.2558730324       -2.22288744967      
71064               28.5743386104       31.5524291001       -2.97809048972      
1140                28.3934092342       24.8938314677       3.49957776645       
1142                26.0301939827       32.3350510502       -6.30485706754      
50876               25.3980868174       25.813809051        -0.415722233571     
17694               32.7160909481       33.0369056817       -0.320814733618     
50878               31.3112334508       29.2761350106       2.03509844026       
148136              31.1908763566       28.2659885263       2.92488783022       
166480              27.7263746214       31.0243645197       -3.29798989822      
42842               17.5241237091       13.3498161034       4.17430760577       
138278              24.4097351977       26.2835269792       -1.87379178149      
40904               31.9260299592       27.0154589116       4.91057104758       
52056               30.9715645122       27.555547196        3.41601731624       
71992               26.8580787374       31.6523297508       -4.79425101337      
104080              32.1987840898       22.3680469681       9.83073712176       
81222               29.9803412587       17.2830152758       12.6973259829       
15728               25.076102972        26.5301898162       -1.45408684416      
26024               29.4834500656       26.1776919293       3.30575813629       
3872                24.1429223471       26.8281594283       -2.68523708128      
144869              25.6988055355       25.8506094716       -0.151803936114     
4730                30.5644105706       27.1542918556       3.41011871504       
49008               30.7041115461       27.1144837491       3.58962779696       
60112               32.6590027715       27.635633443        5.02336932847       
208                 16.3697633909       16.0411882111       0.328575179808      
169698              10.125228829        10.5193541546       -0.394125325638     
169700              27.0968622137       28.7926143508       -1.69575213709      
82766               21.7991796416       15.5688846891       6.23029495253       
126698              23.3728206079       22.4811907151       0.891629892824      
159808              31.9434819325       20.9298321958       11.0136497366       
9804                22.647481332        28.092863023        -5.44538169099      
62936               28.0069106481       27.4630856472       0.543825000909      
17890               26.322990623        29.56199427         -3.23900364702      
94136               22.0753110919       27.1737727505       -5.09846165864      
159424              22.2466170741       27.0348644653       -4.78824739121      
126362              21.1282640622       27.009253187        -5.88098912475      
159426              29.6011786956       31.1018167022       -1.50063800663      
28256               25.0869803321       29.2053333557       -4.11835302368      
6274                24.5918809468       32.8003644382       -8.20848349134      
93548               24.3832148392       30.4061441653       -6.02292932604      
158916              26.8326381685       27.7291226028       -0.896484434278     
82752               28.7640144528       31.951070757        -3.18705630419      
104396              25.8435859968       32.0337530346       -6.19016703775      
72326               30.8460906601       30.2499134086       0.596177251562      
82749               29.2200482496       29.8740708721       -0.654022622496     
125864              32.9166874674       31.2160278866       1.70065958075       
80961               4.31256838008       4.64470311853       -0.332134738453     
29712               32.5656212069       22.2188181006       10.3468031064       
41550               15.837360122        16.3561604196       -0.518800297667     
150998              10.9267191972       12.103501978        -1.17678278083      
122964              18.7825480878       16.0759592033       2.7065888845        
153386              25.4862374021       22.4443255342       3.04191186786       
77676               29.5351095532       31.7969906984       -2.2618811452       
99216               29.6817012349       26.5809518172       3.10074941774       
120839              6.48836095902       8.97784930493       -2.48948834591      
11976               9.55852150978       8.118322371         1.44019913878       
88160               25.7677402544       19.0930927957       6.67464745872       
45269               3.43278485676       4.35708701063       -0.924302153868     
6812                29.6936921307       27.6150718103       2.07862032039       
95580               18.8921237382       19.3091562662       -0.417032527995     
74084               15.4881631123       27.8131699062       -12.3250067939      
19250               17.6734269193       27.6128320167       -9.93940509738      
51032               18.393010074        19.7512560466       -1.35824597263      
148270              22.0817061168       27.2549275927       -5.17322147594      
38952               21.4319328502       29.9386337045       -8.50670085426      
88416               22.1638458739       19.234539482        2.92930639194       
156545              6.68653571333       4.70074216667       1.98579354666       
49198               21.7501171893       20.6665227775       1.08359441181       
146624              14.9891884683       12.9645838715       2.02460459681       
142462              6.49384663827       5.86466162127       0.629185016992      
103440              24.1367238589       28.8934371294       -4.75671327053      
48960               26.2926763419       27.9244840106       -1.63180766865      
60062               30.1382017249       20.4297216723       9.70848005256       
93914               25.291445836        25.3046399253       -0.0131940893159    
127296              26.0959787839       24.9539573541       1.1420214298        
50536               12.7475335915       12.670761034        0.0767725574545     
147812              20.7947984835       20.6850154095       0.109783073947      
170536              23.6824033743       26.1078538534       -2.42545047912      
37958               18.9357902077       27.1157598414       -8.17996963368      
147794              23.759166211        20.9192890412       2.83987716983       
162220              22.4755629355       22.330030954        0.145531981498      
67830               8.47061722952       9.5592180658        -1.08860083629      
107430              21.5470879588       25.815495655        -4.26840769626      
75308               25.7745766133       24.8590730063       0.915503607009      
150970              21.2911623713       21.9928545492       -0.701692177858     
128950              27.0344397248       24.1503868155       2.8840529093        
31550               5.39439601856       10.8934166243       -5.49902060577      
67585               26.3649676106       29.8512908329       -3.48632322234      
123618              25.4072614771       31.4558310312       -6.04856955411      
112790              23.0774964641       26.9558295396       -3.87833307556      
112792              26.2364142629       25.595009286        0.641404976923      
147770              30.7536388715       24.9811984255       5.77244044608       
119934              28.5233786695       31.05616651         -2.53278784045      
66542               31.2950826171       24.0845954399       7.21048717717       
98774               28.7888710364       27.0555707212       1.73330031516       
66544               28.6839468261       27.8804762519       0.803470574268      
98776               26.9573715181       27.6813777643       -0.72400624627      
109358              28.4529834105       26.7084524647       1.7445309458        
109360              27.6142567443       28.3866036555       -0.772346911217     
109362              23.7157400505       24.3294929702       -0.613752919691     
66546               25.3240358545       24.6072198808       0.716815973747      
15788               11.6792650265       14.2997312937       -2.62046626716      
4594                13.8312155198       17.5233165814       -3.69210106159      
48892               13.2954577779       13.2077047888       0.0877529890927     
59990               17.5467821131       18.1349768634       -0.588194750315     
137660              27.71129137         31.4304091532       -3.7191177832       
82824               30.9767639978       30.7521945556       0.224569442202      
17488               24.0761852928       24.9817515648       -0.905566272054     
6624                17.8546936035       17.6924354615       0.162258142005      
109828              23.060095127        21.2709126654       1.78918246159       
22962               16.4472020761       16.1958050208       0.251397055357      
24920               1.5                 1.5                 0.0                 
116427              8.2325880589        7.48859313172       0.743994927181      
23657               26.7862998363       26.2066722842       0.579627552034      
90436               27.7669152904       28.4580164908       -0.691101200398     
56822               28.0721249179       31.175334897        -3.10320997909      
16126               25.0905843315       25.878604472        -0.788020140546     
137268              23.7532777668       31.2795862216       -7.52630845482      
126270              29.7696087235       26.996563737        2.77304498643       
72826               26.332307521        24.5957969261       1.73651059488       
34952               31.4931341127       32.6059806453       -1.11284653261      
46134               30.7787675325       30.8396523783       -0.0608848457667    
12952               29.8976139368       30.6271911597       -0.729577222879     
46130               23.1914506673       23.506128001        -0.314677333689     
11462               13.8573874473       15.8732962614       -2.01590881404      
136964              22.3141380518       24.8858524854       -2.57171443358      
169670              17.126418985        24.6093337517       -7.48291476672      
159850              23.4244145812       23.1425280951       0.281886486087      
165359              17.5260705244       19.0331626419       -1.50709211744      
143451              10.3343992015       10.7205158308       -0.386116629214     
124031              31.5202238204       22.5972915849       8.92293223545       
156991              27.7013655891       27.8211743583       -0.119808769189     
91685               29.9241648918       25.9323233274       3.99184156446       
4261                26.7930614382       27.4516898353       -0.658628397176     
15515               22.0268629106       23.9348985731       -1.9080356625       
16900               16.9070262664       29.8152134144       -12.908187148       
136370              16.2907790066       30.3972535078       -14.1064745012      
125432              17.8266001517       18.8338158858       -1.00721573401      
11670               28.7619073489       29.0762452905       -0.314337941647     
44860               28.237316268        28.2680314105       -0.0307151424677    
11672               27.9249034516       30.2152066869       -2.29030323532      
44862               25.5173756184       31.8364235355       -6.3190479171       
142186              24.2331579824       23.3019047055       0.931253276965      
77432               20.8282940341       25.8924526895       -5.06415865537      
98970               19.2961670104       25.8906307959       -6.5944637855       
153128              18.879028878        26.0726059414       -7.19357706333      
77434               30.6878677382       32.0294556076       -1.34158786931      
11674               25.0426789816       30.290060553        -5.24738157138      
44864               21.9556285382       23.9471594213       -1.99153088314      
131601              24.0612150942       19.9567674566       4.1044476376        
60044               9.1429714242        8.98470866256       0.158262761634      
62950               29.5782456839       25.1464216771       4.43182400679       
115528              20.7645698173       24.6395201119       -3.87495029464      
72878               30.0543834431       20.6369124128       9.41747103022       
61528               27.8637284669       19.013072974        8.85065549287       
147832              25.5952393184       25.4052582992       0.189981019248      
82802               19.718640412        32.1303845981       -12.4117441861      
61530               20.2950993272       29.4152632375       -9.12016391033      
61532               25.8709122499       29.4565638004       -3.58565155047      
17448               29.4460130437       16.7237406675       12.7222723763       
61453               13.1831118563       11.3820566761       1.8010551802        
168514              29.3898717723       21.601060941        7.78881083135       
124748              24.6833717686       20.6302843934       4.05308737524       
27124               8.16970044217       8.52326002442       -0.353559582251     
4984                24.2691316088       23.3187016666       0.950429942199      
159813              24.7291193885       28.8834120744       -4.1542926859       
126705              26.5641126739       29.2586836892       -2.69457101527      
159811              22.6537457489       21.2582616143       1.39548413462       
94573               31.2436518632       26.7690744387       4.47457742445       
29637               15.7925341132       25.387898246        -9.59536413283      
28948               20.7435018685       23.2998991853       -2.55639731682      
42676               23.3961529084       25.56026438         -2.16411147154      
53774               25.2970855258       23.6495215378       1.64756398801       
99593               14.8113507531       15.1416767482       -0.330325995131     
99592               17.9016252379       12.9171569261       4.98446831182       
109826              29.7161634216       29.3380905178       0.378072903795      
153516              4.85057312003       5.15226896512       -0.301695845089     
122718              23.2378411711       22.244096256        0.993744915059      
120674              14.9754288891       15.290688449        -0.31525955987      
16918               29.6215279662       29.043473151        0.578054815193      
5716                22.5231430162       19.9651508531       2.55799216306       
80905               21.2476791671       19.3042142364       1.94346493076       
25163               20.2054339272       23.2456006262       -3.04016669905      
126769              3.33426205246       4.46017028293       -1.12590823048      
164026              25.3809800649       25.2999384741       0.081041590744      
52102               24.858838133        26.0225882153       -1.16375008236      
105858              30.8881298607       30.3520760127       0.536053847954      
160462              15.3488706528       13.1777218592       2.17114879364       
114584              31.5605019469       29.9176592164       1.64284273046       
157574              32.7268170857       32.7035001216       0.0233169640236     
167360              24.1428729166       27.9061938148       -3.76332089818      
124666              29.1799942545       31.8341701848       -2.65417593034      
71136               31.564413823        32.7063506953       -1.14193687226      
16106               17.3036367381       17.732716162        -0.429079423933     
4898                22.8318126886       19.6000814965       3.23173119209       
92288               19.0029191098       28.8641218344       -9.86120272459      
27028               20.2595616126       29.7037360303       -9.44417441768      
134826              21.9413700504       23.6729237231       -1.73155367269      
167652              24.8988449405       31.9035638886       -7.00471894806      
80850               25.0733486439       25.3444655222       -0.271116878233     
105430              14.7716178622       16.4125933861       -1.64097552397      
26076               17.5794160069       16.2946716583       1.2847443486        
91362               24.7453301319       25.9372283884       -1.19189825653      
167486              23.37910077         27.4356841696       -4.05658339968      
123584              22.6499400511       33.1490591291       -10.499119078       
112762              17.9860708932       20.8017168443       -2.81564595109      
92278               26.33615689         25.0536670579       1.28248983214       
41380               21.6809310534       20.1735624316       1.50736862178       
138790              17.8808732925       22.0225676192       -4.14169432675      
39470               29.9013078333       22.801396567        7.09991126632       
93630               18.431709763        28.0857371797       -9.65402741663      
28336               16.1068931335       31.5376433746       -15.4307502411      
6328                28.1796263195       27.5924006192       0.587225700302      
153256              18.011412372        22.0356482291       -4.02423585704      
142470              9.13385182969       6.81924706194       2.31460476775       
172104              19.7726312484       21.6544716113       -1.88184036281      
85216               24.7341150474       21.1095708767       3.62454417071       
150336              27.9654104676       19.6873949293       8.27801553829       
168386              2.59457621412       9.35433597037       -6.75975975625      
60980               21.0807487834       15.3243995618       5.75634922152       
170012              19.058259981        28.5078031043       -9.44954312325      
39780               20.4956285777       32.0794177209       -11.5837891432      
93922               17.7867338525       31.6184799061       -13.8317460536      
135612              26.0696251942       26.6071775046       -0.537552310337     
38158               26.7111190722       25.8391405769       0.871978495224      
95094               25.7466494853       25.2901747492       0.456474736054      
73666               25.2452793056       26.0015837013       -0.756304395702     
45796               1.5                 1.5                 0.0                 
165068              5.04066938573       7.76259279814       -2.72192341241      
129158              25.334010036        21.6715182826       3.6624917534        
162192              28.2947045224       32.1506276438       -3.85592312146      
34606               20.9371071743       27.5230424983       -6.58593532399      
125354              31.1242390434       25.7480390047       5.3762000386        
132008              19.2586012381       27.1532014275       -7.89460018937      
27696               28.9713484729       29.5146870576       -0.543338584752     
34608               23.3667582998       25.2073851745       -1.84062687464      
49920               29.3042521276       26.080962313        3.22328981457       
104594              27.8358634791       25.7391254656       2.09673801345       
159070              29.6072382884       29.0669072636       0.540331024734      
39602               18.289142031        16.3014958186       1.98764621239       
158324              27.6411344943       24.9479038497       2.6932306446        
82264               26.3390618444       28.3650270052       -2.02596516085      
45264               30.9504143805       31.9765424619       -1.02612808138      
33942               25.8499952083       26.9988975901       -1.14890238174      
45244               25.334284966        28.8038887017       -3.46960373565      
12066               27.7183407194       27.3934357039       0.324905015572      
45246               18.7389243883       21.7600789232       -3.02115453485      
64300               7.96224371335       10.5541302011       -2.59188648778      
149294              22.4562845034       25.9256765257       -3.46939202233      
40944               22.5424963838       30.3519454005       -7.80944901668      
77625               22.2123728713       21.6315318212       0.580841050078      
164282              22.6820413832       32.1617873226       -9.47974593937      
77568               17.8927438176       20.4079469395       -2.51520312192      
99110               16.5104157724       18.8580249411       -2.34760916869      
153258              18.9847896593       22.1145379513       -3.129748292        
18702               32.8798013917       30.5736880275       2.30611336418       
51984               24.401461656        27.1727320575       -2.77127040142      
18704               27.6446630561       27.8032871831       -0.158624126985     
138242              12.9025750285       13.2976682257       -0.395093197199     
84142               30.7630435079       24.7573325767       6.00571093123       
62860               27.0221937608       22.5032711526       4.51892260821       
171040              29.1138679746       26.0695273705       3.04434060405       
40852               28.1587436568       30.7788684992       -2.62012484231      
44628               29.9825482          23.6800399776       6.30250822242       
49664               9.73094850178       10.3111287277       -0.580180225964     
70822               15.2548303878       15.6501870441       -0.395356656306     
127896              25.2974879413       26.6880032852       -1.39051534392      
74330               26.7442331494       29.0815584093       -2.33732525987      
149906              32.6298951435       31.7398636302       0.8900315133        
127894              31.7435879907       29.1440753405       2.59951265022       
27490               30.4128456992       32.6150657818       -2.20222008259      
44766               30.6923373398       25.0565944113       5.63574292845       
98890               25.9228465044       26.1523291912       -0.229482686751     
153066              27.4229076075       27.1045317264       0.318375881109      
77352               29.8951051014       20.4038253624       9.49127973902       
38086               31.8592753362       29.7870510836       2.07222425254       
73416               25.7027240762       26.7674880567       -1.06476398045      
107228              32.2926588685       33.258758229        -0.966099360421     
117850              32.7120122181       23.9930234729       8.71898874525       
153440              32.5396525859       22.4898178782       10.0498347077       
41678               30.3284049477       24.4480761809       5.88032876688       
139050              22.4949990222       30.12423773         -7.62923870782      
84864               24.6424487522       30.7717901075       -6.12934135534      
33550               24.3015089884       21.6709305901       2.63057839833       
168102              19.0558129141       22.710565668        -3.65475275391      
21935               27.1044354295       29.3779347589       -2.27349932948      
76735               28.6957556889       24.6589840031       4.03677168584       
108849              22.7377153367       24.1929746573       -1.45525932062      
46997               25.8316684311       28.1037316996       -2.27206326844      
13819               24.7347201532       29.2368777021       -4.50215754892      
44951               22.8083555931       21.9999247441       0.808430848977      
55846               7.92371438424       14.6530276135       -6.72931322928      
122902              25.8522223597       23.2137540671       2.63846829255       
112084              27.0676582622       32.082912663        -5.01525440083      
25270               29.3745514332       21.6483357225       7.7262157107        
47542               6.02813033471       6.23841516421       -0.210284829501     
101664              26.7087093752       32.8288635781       -6.12015420293      
25272               26.6857368719       26.9488426698       -0.263105797827     
133816              29.856153739        24.6955927481       5.16056099091       
8988                21.8039010779       20.8507311322       0.953169945683      
93090               24.2211621835       24.4947312747       -0.273569091146     
114568              18.7543270119       16.0733812338       2.68094577811       
133910              18.9645257165       16.4521669912       2.51235872534       
36448               24.530978146        27.1467793681       -2.61580122219      
137812              9.91774890994       11.1603155451       -1.24256663515      
16060               30.4073847789       12.1598910643       18.2474937146       
18580               28.6630155929       25.3814783544       3.28153723857       
136556              28.0125374471       23.7141395474       4.29839789974       
81532               31.0220150911       24.4714884551       6.55052663595       
58950               27.4952285206       27.9541411196       -0.458912598938     
58952               21.4053996511       26.1839934031       -4.77859375206      
149200              27.4575400756       21.2681590715       6.18938100406       
173697              24.9987531871       28.2022888113       -3.20353562425      
173695              9.56532920076       7.65278553424       1.91254366652       
56490               21.0831337687       18.7548590884       2.32827468022       
23062               23.5142666428       24.288645446        -0.774378803142     
88360               30.0583298173       32.5659690836       -2.5076392663       
23374               19.14266538         14.4743826908       4.66828268921       
88702               22.258149136        20.6534858981       1.60466323797       
127185              9.35515386767       14.6856284781       -5.33047461043      
40758               25.7892598533       22.55635356         3.23290629328       
26                  22.961621473        26.5577374783       -3.59611600534      
38                  6.91812075015       23.6949388512       -16.7768181011      
11440               2.58736490671       4.72840957152       -2.14104466481      
130854              6.90480276075       10.4014627993       -3.49666003852      
77206               25.6606222848       24.7369973567       0.923624928136      
98764               24.9379191712       26.1632702298       -1.22535105863      
27994               22.6858958473       28.029469872        -5.34357402475      
161400              6.00254973444       14.8629399712       -8.86039023678      
105810              23.4677306252       30.4350076217       -6.96727699644      
53922               14.3054854351       13.5747525444       0.730732890712      
109852              32.6022121497       27.4757364416       5.12647570811       
151118              14.2527728404       14.085410775        0.167362065405      
29862               28.0109437878       30.6993398085       -2.68839602071      
129098              12.7985089912       13.4156644545       -0.617155463365     
138284              21.8858785573       26.1217151564       -4.2358365991       
28574               12.8234940362       10.7566231874       2.06687084876       
84184               24.838869311        28.9788984474       -4.1400291364       
62908               26.8487784768       22.235040012        4.61373846486       
82293               26.402560339        28.8749451694       -2.47238483045      
159446              32.0534541855       32.4939806346       -0.440526449101     
126374              32.0736298133       32.7125385736       -0.63890876024      
115610              31.7671300187       27.0356597109       4.7314703078        
28876               25.8262696902       30.1154045275       -4.28913483721      
137370              26.8668760393       28.2474290507       -1.38055301132      
125603              23.1809317727       22.1990476619       0.981884110819      
127788              29.7861147535       26.4504315197       3.3356832338        
30412               25.3213507025       25.3499045461       -0.0285538436067    
137658              15.6493925609       21.1984551932       -5.54906263231      
40296               4.84154326266       10.8164665009       -5.97492323822      
104534              31.5098550387       29.1743018609       2.33555317786       
115128              30.1228755328       30.0852644388       0.0376110940253     
25962               30.1664715532       31.8692984465       -1.70282689323      
3766                31.1653674786       30.2189355981       0.946431880423      
3768                31.0536822235       32.9728108615       -1.91912863797      
131378              31.6101770661       25.3433552218       6.26682184424       
110575              24.9640276038       24.1564045681       0.807623035694      
37964               22.8263746984       25.2260883173       -2.39971361886      
159452              9.86013629485       9.1846387817        0.675497513158      
39998               30.8468995255       30.4988505565       0.348048969011      
137380              30.6826928971       24.8100721463       5.87262075079       
126390              32.8475320864       25.7198159951       7.12771609132       
72938               29.7071221802       30.0944308133       -0.387308633115     
152572              27.0653639584       26.7261008067       0.339263151695      
170903              29.9574406131       26.5210819344       3.43635867871       
170230              19.0785745535       19.6012964746       -0.522721921112     
141929              26.2706044637       22.0920235565       4.17858090718       
44623               26.7193385142       26.3227414063       0.396597107851      
137717              10.3718090167       11.3186010672       -0.946792050462     
120820              30.6129562903       28.5958439007       2.01711238964       
135624              28.3296692885       31.0079902653       -2.67832097683      
124754              31.98548946         30.4869470285       1.49854243147       
69744               29.428849128        32.1100425957       -2.68119346769      
167764              25.9482438378       25.4124957237       0.535748114068      
128962              17.5194983898       30.6655922604       -13.1460938706      
156926              31.7847333717       30.2852688809       1.49946449079       
167768              20.7975186725       20.7074997709       0.0900189015791     
18256               26.5908960381       26.4389718753       0.151924162816      
4262                30.2288732959       23.9748475934       6.25402570251       
88426               29.9971345064       28.8742834046       1.12285110188       
98887               23.6745041123       22.6015367887       1.07296732362       
138380              27.2279593221       22.8892725731       4.33868674899       
171194              26.4656946518       24.4477276798       2.01796697202       
84302               25.0318286862       21.7188369082       3.31299177797       
148392              16.5120827272       19.5989930373       -3.08691031006      
170234              14.2445470913       14.9939513925       -0.749404301181     
39784               20.2429510298       30.1374288075       -9.89447777776      
91636               28.5879239521       24.5244968695       4.06342708258       
123998              27.2867369302       24.1445392717       3.14219765849       
156956              28.4111824031       29.4429999543       -1.03181755115      
167788              29.6040926024       26.6743190069       2.92977359541       
123982              28.0734306838       28.9973471933       -0.923916509457     
88141               26.475533221        27.1623396515       -0.686806430461     
109744              27.7080233384       29.2070214977       -1.49899815932      
99250               25.8838040772       28.463869797        -2.58006571976      
22884               32.2101835882       30.6772369468       1.5329466414        
88178               32.0993524382       29.7570051944       2.34234724379       
153418              30.9036720987       30.9884275915       -0.0847554927891    
77694               22.0776237884       26.0252968512       -3.94767306285      
94745               14.4166678157       24.6353596774       -10.2186918616      
34117               5.57398972464       15.894061605        -10.3200718804      
104041              23.5995826124       18.7309461184       4.86863649398       
167930              23.8549294223       25.3971453049       -1.54221588262      
124164              22.8350283224       21.7893363594       1.045691963         
11460               26.6269307681       24.1218284365       2.50510233163       
10096               4.14189751155       4.83094884206       -0.689051330508     
139850              22.121352496        16.2728114503       5.84854104569       
28254               17.511453673        31.4657914631       -13.9543377901      
21316               1.83383540939       2.32487487468       -0.491039465286     
137592              1.5                 1.5                 0.0                 
136840              17.0485622825       15.17255134         1.87601094247       
72316               24.8762737484       32.3737391683       -7.49746541993      
61450               27.080633862        26.8414318986       0.239201963407      
17384               26.0264635272       15.8501415982       10.176321929        
6270                27.2181776038       24.4199734367       2.79820416711       
115374              13.1809095119       11.4110055821       1.76990392977       
115376              18.7686654566       28.582080608        -9.81341515147      
72710               23.1250197897       27.5110638717       -4.386044082        
148170              16.760539264        24.4551198334       -7.69458056939      
83094               16.8222013513       29.2320292496       -12.4098278983      
148172              19.4956023758       16.5656961589       2.92990621692       
83096               20.6203853807       19.7848353405       0.835550040231      
148174              20.6307303266       19.8047295718       0.826000754799      
127228              27.2420286179       15.1765448001       12.0654838177       
29812               21.6569635539       19.4198841528       2.23707940111       
95056               24.3344556989       17.6505588418       6.68389685714       
66664               22.4640063929       29.7300256118       -7.26601921887      
142058              22.9259089839       29.2799447738       -6.35403578999      
120042              22.8102360359       29.7915353539       -6.98129931794      
66666               19.1423075309       24.4023152677       -5.26000773683      
142060              8.51828481328       19.8901200036       -11.3718351903      
14332               24.292695254        22.0844525188       2.20824273527       
75554               19.5193906686       17.289135184        2.23025548465       
146646              19.698273948        17.4999830512       2.19829089686       
86092               29.678858768        31.3508142674       -1.67195549943      
103198              31.2111872927       28.3991259478       2.81206134489       
31832               31.7303225669       31.1447436956       0.585578871229      
9902                32.4818981304       24.2462915655       8.23560656488       
17772               31.1147615597       32.3543542945       -1.2395927348       
48340               27.0026119354       33.0224437035       -6.01983176806      
59472               29.9376687763       27.0966939851       2.84097479112       
102400              29.6976999643       22.997128093        6.70057187131       
31360               16.1090759613       19.0086018318       -2.89952587046      
28882               25.9264242968       26.1472824344       -0.220858137572     
16570               24.4077875979       32.7200875793       -8.31229998134      
49666               19.3140686879       18.8526475204       0.461421167475      
27480               20.2873351098       21.6704503838       -1.38311527408      
5344                8.71001674259       14.3551336576       -5.64511691498      
82242               20.2321414155       18.0108623995       2.22127901603       
4738                28.3595130226       28.7620437933       -0.402530770693     
130892              32.5953987158       26.5279350347       6.06746368114       
78130               32.2583736958       26.2299318396       6.02844185612       
103216              18.0636213881       26.1047137755       -8.04109238745      
147248              19.1560071321       15.1254512599       4.03055587218       
114282              25.7516547705       26.4804969676       -0.72884219716      
71626               28.3245162795       28.5048205266       -0.18030424711      
166654              25.0845548574       25.587870222        -0.503315364624     
110392              29.2590078444       23.5621731572       5.69683468719       
16334               26.6153436703       26.3596100408       0.255733629463      
27870               16.194714039        16.9079225655       -0.713208526555     
73160               29.3627597219       30.5143543641       -1.1515946422       
20068               28.2174759939       30.1956520821       -1.97817608822      
9106                30.5335517027       28.0689613994       2.46459030335       
45568               33.1721669819       28.7886558397       4.38351114222       
56722               18.3100827054       21.9980776856       -3.68799498018      
103010              30.3455425167       24.5566984408       5.7888440759        
70922               16.4487843855       20.6372293808       -4.18844499526      
15906               19.1303846509       22.2338254137       -3.10344076279      
61482               12.6882229922       13.6953644556       -1.00714146337      
172682              29.6055205177       27.6230654354       1.98245508225       
85802               24.3431625708       21.6092511774       2.73391139338       
64510               29.604827577        28.1858428555       1.41898472154       
64512               27.4742047092       30.0428392066       -2.56863449741      
20504               22.7508901405       23.019971819        -0.269081678452     
140138              19.4233994701       20.8884794574       -1.46507998724      
126186              18.7228063177       14.552657842        4.17014847567       
152974              20.8804675608       26.3520779386       -5.47161037778      
119954              21.5728191767       26.592095253        -5.01927607636      
22436               31.0521356906       30.6029765179       0.44915917269       
44652               22.7108415199       32.5391337494       -9.82829222943      
11458               23.742305524        31.9476811093       -8.20537558531      
87748               10.0051842714       25.5329567993       -15.5277725279      
66574               17.1877077892       20.4722093626       -3.28450157334      
154295              19.2025157863       18.7004933725       0.502022413854      
91820               21.5698897688       22.4458470057       -0.875957236818     
153102              16.0694814281       29.905048465        -13.835567037       
164110              17.9258287415       22.6675980058       -4.74176926426      
77386               18.1681764764       28.6407601265       -10.47258365        
105234              27.9549266838       26.5665088635       1.38841782025       
73164               27.2236146864       27.0652367017       0.158377984697      
105236              20.7935871309       25.1695045502       -4.37591741929      
29198               25.5431653437       24.7682195474       0.77494579627       
150940              13.936920026        15.9087661819       -1.97184615587      
85800               25.5861966022       22.801104138        2.78509246422       
150942              24.9541695858       28.088014619        -3.13384503321      
6360                13.6513816688       22.7716110761       -9.12022940725      
70754               31.6640974645       27.4568467633       4.20725070117       
99696               32.8619910303       29.9263406913       2.93565033901       
158456              31.3118565891       32.72001103         -1.40815444083      
165914              33.317420333        30.9213044174       2.39611591558       
171510              32.6733406547       28.3057160856       4.36762456911       
79110               30.231102185        29.9950467036       0.236055481374      
106224              31.2498744279       29.0839808187       2.16589360919       
116872              30.2118993813       29.3579727161       0.853926665232      
157250              32.567251121        29.7556158455       2.8116352755        
124286              29.7776877029       31.3315922047       -1.55390450182      
10653               23.2180623448       27.4303319543       -4.2122696095       
98804               15.1288056756       18.8891592162       -3.76035354062      
23740               20.9136430263       18.5304064126       2.38323661371       
1478                2.19225204443       2.16831303614       0.0239390082854     
73420               28.1498081045       32.9011706759       -4.75136257139      
60492               31.4198444723       32.1480977414       -0.728253269184     
16022               29.5346614089       30.6809173109       -1.146255902        
6310                29.3492231817       29.4534404399       -0.104217258233     
136882              29.0578063425       29.593583681        -0.535777338489     
125890              32.8462761824       30.4855602904       2.3607158921        
72364               32.1555210832       30.8449634388       1.31055764445       
104436              29.9650253013       31.2339526247       -1.26892732345      
115050              32.272736412        32.5601177261       -0.287381314032     
28312               31.340726893        30.8283630789       0.512363814162      
31708               29.5475559612       30.4476640077       -0.900108046496     
9802                28.6940222679       31.0026255269       -2.30860325901      
51124               28.5142556651       23.6926090876       4.82164657747       
151126              29.1955895543       30.993841519        -1.79825196464      
83270               21.0452405071       29.7413600129       -8.69611950574      
20670               21.4974313358       23.8357035289       -2.33827219308      
167772              31.6934819808       27.2988296069       4.39465237393       
26378               19.0988570666       9.38903585885       9.70982120774       
123009              16.9230984912       17.8900746208       -0.966976129565     
79947               6.78802523428       12.4971518864       -5.70912665213      
34384               13.3940135838       14.7788418317       -1.38482824789      
94634               31.5001365128       22.8230009338       8.67713557895       
169948              27.3082764377       27.1489918453       0.159284592352      
161922              26.6579924742       30.2855252501       -3.62753277582      
128842              28.418508675        30.9853958928       -2.56688721777      
75196               26.4724332437       28.692985385        -2.22055214134      
11912               24.9225022998       29.5219295867       -4.59942728691      
87768               26.5618969269       30.6667616519       -4.10486472499      
150282              15.9488203042       16.1338120755       -0.184991771251     
41944               21.1316092137       28.2383389845       -7.10672977085      
8822                24.7697049577       28.8642263407       -4.09452138301      
53126               22.5653603208       26.860986467        -4.29562614618      
19858               14.7220067928       18.411665997        -3.68965920413      
36020               29.0380561435       32.8060509876       -3.7679948441       
90274               31.3348690722       28.6383440618       2.6965250104        
124059              31.4710995095       31.1513212845       0.319778224995      
135013              31.0561077515       32.4302513332       -1.37414358173      
132400              31.0945110373       31.5623933812       -0.467882343886     
127626              31.8367955916       32.9955453834       -1.15874979179      
157582              32.4099179185       31.8332159427       0.576701975853      
77706               14.3555958545       12.2931285373       2.06246731719       
110020              19.970081552        21.9094661352       -1.93938458325      
36602               25.7439636091       29.3871564025       -3.64319279345      
4114                25.9792292392       29.0585813238       -3.07935208465      
46494               17.9768525944       30.8620371428       -12.8851845484      
57672               18.7958089326       25.2888139215       -6.4930049889       
11968               17.2320192615       19.9962422354       -2.76422297386      
88156               20.99809292         22.5748975162       -1.57680459619      
82282               26.9886072668       23.0600872648       3.92852000203       
16856               27.3412000023       28.252344249        -0.911144246731     
5658                26.7515123641       27.7294031837       -0.977890819641     
45230               28.4750431653       23.8955453062       4.57949785914       
15526               20.6522030421       26.093115695        -5.44091265295      
4284                22.5193873801       28.3677759696       -5.84838858948      
48632               28.1587086658       26.486866499        1.6718421668        
102670              24.3477131151       19.5114979517       4.83621516333       
153942              21.5388207184       29.7399825777       -8.20116185922      
120980              18.7350254501       32.8338524396       -14.0988269894      
153908              31.3412786628       30.3622578078       0.979020854926      
37972               32.3571085678       31.9864679223       0.370640645503      
136606              31.9112884443       31.5733352579       0.337953186341      
169486              32.0526323522       32.0580909793       -0.005458627071     
124530              27.9182043236       32.2749900954       -4.35678577182      
66902               28.5943076603       31.9402157432       -3.3459080829       
142336              29.8578433277       32.6452348193       -2.78739149165      
33876               31.9745012264       31.7916543596       0.182846866864      
88018               24.5791589823       29.4896618076       -4.91050282525      
22564               31.8828679523       30.2732150093       1.60965294299       
131050              30.0299923414       31.0897840861       -1.05979174472      
82352               30.6665999415       30.9133070819       -0.246707140409     
151768              23.2222588956       20.1186202836       3.10363861197       
84244               21.552326966        23.5309466403       -1.97861967429      
47522               27.295083703        26.4701135726       0.824970130363      
64806               21.8411127796       26.7720326921       -4.93091991244      
14360               24.3296766559       31.6095014799       -7.27982482395      
47520               24.6053225428       24.9231717146       -0.317849171883     
56106               24.3079922085       23.687232703        0.620759505506      
99450               15.6884181831       18.8262044216       -3.13778623849      
112958              20.0474333988       22.7060622824       -2.65862888357      
156768              27.2015549536       27.5902643077       -0.388709354166     
123798              24.5016133106       25.357207057        -0.855593746368     
88054               29.2881441441       25.9150450277       3.37309911646       
130819              25.4162655374       19.4104248327       6.00584070474       
160331              22.3397610894       11.1745711493       11.1651899401       
131138              28.0499327247       27.0859544374       0.963978287321      
33782               27.5103967439       28.3931395241       -0.882742780196     
332                 26.0494556334       27.5328722968       -1.48341666341      
44952               29.9304802426       25.5279397099       4.40254053274       
99036               31.0004800959       33.1591280969       -2.15864800096      
66820               26.6461093552       26.9133261632       -0.267216808005     
3452                24.894468871        26.3535524826       -1.45908361162      
90954               30.2514703218       29.2764211101       0.975049211727      
25618               32.3804461583       29.5533568996       2.82708925868       
134160              31.7675229529       26.6430059593       5.12451699358       
167044              31.8191205987       29.3971491501       2.42197144859       
36616               32.4301721945       23.837148652        8.59302354255       
155798              26.9813246351       27.916161284        -0.93483664888      
79906               25.8423425352       22.444623063        3.3977194722        
105000              22.6921391944       20.851512913        1.84062628143       
28880               30.8968663913       23.969003831        6.9278625603        
115030              26.8008596703       27.1707007945       -0.369841124259     
69450               30.4784858543       28.3126724163       2.16581343805       
58622               32.6040465977       28.8370774541       3.76696914359       
144836              25.1464404629       26.6396855003       -1.49324503739      
169708              28.4797904788       29.8249306441       -1.34514016529      
125876              31.2678665132       30.6188176451       0.649048868044      
